DabcABC
SFont1
T150
//I1
Y  0, 170, 170, 0, 170, 170, 0, 170, 170, 0, 170, 170, 0, 78, 78, 0, 170, 170, 0, 170, 170, 0, 78, 78, 0, 174, 174, 0, 170, 170, 0, 234, 234, 0, 138, 138, 0, 78, 78, 0, 36, 36, 0, 228, 228, 0, 0, 0 Z
Y  0, 85, 85, 0, 85, 85, 0, 85, 85, 0, 85, 85, 0, 39, 39, 0, 85, 85, 0, 85, 85, 0, 39, 39, 0, 87, 87, 0, 85, 85, 0, 117, 117, 0, 69, 69, 0, 39, 39, 0, 18, 18, 0, 114, 114, 0, 0, 0 Z
Y  0, 170, 170, 0, 170, 170, 0, 170, 170, 0, 170, 170, 0, 147, 147, 0, 170, 170, 0, 170, 170, 0, 147, 147, 0, 43, 43, 0, 42, 42, 0, 58, 58, 0, 34, 34, 0, 19, 19, 0, 9, 9, 0, 57, 57, 0, 0, 0 Z
Y  0, 85, 85, 0, 85, 85, 0, 213, 213, 0, 213, 213, 0, 73, 73, 0, 85, 85, 0, 85, 85, 0, 201, 201, 0, 149, 149, 0, 149, 149, 0, 29, 29, 0, 17, 17, 0, 9, 9, 0, 4, 4, 0, 28, 28, 0, 5, 0 Z
Y  0, 170, 170, 0, 170, 170, 0, 234, 234, 0, 234, 234, 0, 164, 164, 0, 170, 170, 0, 170, 170, 0, 228, 228, 0, 74, 74, 0, 74, 74, 0, 14, 14, 0, 8, 8, 128, 4, 132, 0, 2, 2, 0, 14, 14, 0, 45, 40 Z
Y  0, 85, 85, 0, 85, 85, 0, 117, 117, 0, 117, 117, 0, 82, 82, 0, 85, 85, 0, 85, 85, 0, 114, 114, 0, 37, 37, 0, 37, 37, 0, 7, 7, 128, 4, 132, 192, 2, 194, 128, 1, 129, 0, 7, 7, 5, 45, 45 Z
Y  0, 170, 170, 0, 170, 170, 0, 58, 58, 0, 186, 186, 0, 169, 169, 0, 170, 170, 0, 42, 42, 0, 57, 57, 0, 146, 146, 0, 146, 146, 128, 3, 131, 192, 2, 194, 224, 1, 225, 192, 0, 192, 128, 3, 131, 0, 45, 40 Z
Y  0, 85, 85, 0, 85, 85, 0, 157, 157, 0, 93, 93, 0, 84, 84, 0, 213, 213, 0, 21, 21, 0, 156, 156, 0, 73, 73, 0, 201, 201, 64, 1, 65, 224, 1, 225, 240, 0, 240, 224, 0, 224, 64, 1, 65, 0, 5, 0 Z
Y  0, 170, 170, 0, 170, 170, 0, 78, 78, 0, 174, 174, 0, 170, 170, 0, 234, 234, 0, 138, 138, 0, 78, 78, 0, 36, 36, 0, 228, 228, 32, 0, 32, 112, 0, 112, 248, 0, 248, 112, 0, 112, 32, 0, 32, 0, 0, 0 Z
Y  0, 85, 85, 0, 85, 85, 0, 39, 39, 0, 87, 87, 0, 85, 85, 0, 117, 117, 0, 69, 69, 0, 39, 39, 0, 18, 18, 0, 114, 114, 16, 0, 16, 56, 0, 56, 124, 0, 124, 56, 0, 56, 16, 0, 16, 0, 0, 0 Z
Y  0, 170, 170, 0, 170, 170, 0, 147, 147, 0, 43, 43, 0, 42, 42, 0, 58, 58, 0, 34, 34, 0, 19, 19, 0, 9, 9, 0, 57, 57, 8, 0, 8, 28, 0, 28, 62, 0, 62, 28, 0, 28, 8, 0, 8, 0, 0, 0 Z
Y  0, 85, 85, 0, 85, 85, 0, 201, 201, 0, 149, 149, 0, 149, 149, 0, 29, 29, 0, 17, 17, 0, 9, 9, 0, 4, 4, 0, 28, 28, 4, 0, 4, 14, 0, 14, 31, 0, 31, 14, 0, 14, 4, 0, 4, 0, 8, 1 Z
Y  0, 170, 170, 0, 170, 170, 0, 228, 228, 0, 74, 74, 0, 74, 74, 0, 14, 14, 0, 8, 8, 128, 4, 132, 0, 2, 2, 0, 14, 14, 2, 0, 130, 7, 0, 7, 15, 0, 15, 7, 0, 135, 2, 0, 2, 1, 1, 1 Z
Y  0, 85, 85, 0, 85, 85, 0, 114, 114, 0, 37, 37, 0, 37, 37, 0, 7, 7, 128, 4, 132, 192, 2, 194, 128, 1, 129, 0, 7, 7, 1, 0, 193, 3, 0, 3, 7, 0, 135, 3, 0, 67, 1, 0, 129, 1, 9, 8 Z
Y  0, 170, 170, 0, 42, 42, 0, 57, 57, 0, 146, 146, 0, 146, 146, 128, 3, 131, 192, 2, 194, 224, 1, 225, 192, 0, 192, 128, 3, 131, 0, 0, 96, 1, 0, 129, 3, 0, 195, 1, 0, 161, 0, 0, 192, 0, 0, 0 Z
Y  0, 213, 213, 0, 21, 21, 0, 156, 156, 0, 73, 73, 0, 201, 201, 64, 1, 65, 224, 1, 225, 240, 0, 240, 224, 0, 224, 64, 1, 65, 0, 0, 48, 0, 0, 64, 1, 0, 97, 0, 0, 80, 0, 0, 96, 1, 9, 9 Z
Y  0, 234, 234, 0, 138, 138, 0, 78, 78, 0, 36, 36, 0, 228, 228, 32, 0, 32, 112, 0, 112, 248, 0, 248, 112, 0, 112, 32, 0, 32, 0, 0, 152, 0, 0, 160, 0, 0, 176, 0, 0, 168, 0, 0, 176, 1, 0, 8 Z
Y  0, 117, 117, 0, 69, 69, 0, 39, 39, 0, 18, 18, 0, 114, 114, 16, 0, 16, 56, 0, 56, 124, 0, 124, 56, 0, 56, 16, 0, 16, 0, 0, 76, 0, 0, 208, 0, 0, 88, 0, 0, 84, 0, 0, 216, 0, 9, 0 Z
Y  0, 58, 58, 0, 34, 34, 0, 19, 19, 0, 9, 9, 0, 57, 57, 8, 0, 8, 28, 0, 28, 62, 0, 62, 28, 0, 28, 8, 0, 8, 0, 0, 38, 0, 0, 104, 0, 0, 172, 0, 0, 170, 0, 0, 108, 0, 0, 0 Z
Y  0, 29, 29, 0, 17, 17, 0, 9, 9, 0, 4, 4, 0, 28, 28, 4, 0, 4, 14, 0, 14, 31, 0, 31, 14, 0, 14, 4, 0, 4, 0, 0, 19, 0, 0, 52, 0, 0, 86, 0, 0, 85, 0, 0, 54, 0, 9, 8 Z
Y  0, 14, 14, 0, 8, 8, 128, 4, 132, 0, 2, 2, 0, 14, 14, 2, 0, 130, 7, 0, 7, 15, 0, 15, 7, 0, 135, 2, 0, 2, 0, 0, 9, 0, 0, 154, 0, 0, 171, 0, 0, 170, 0, 0, 27, 1, 0, 1 Z
Y  0, 7, 7, 128, 4, 132, 192, 2, 194, 128, 1, 129, 0, 7, 7, 1, 0, 193, 3, 0, 3, 7, 0, 135, 3, 0, 67, 1, 0, 129, 0, 0, 132, 0, 0, 77, 0, 0, 85, 0, 0, 85, 0, 0, 141, 1, 0, 1 Z
Y  128, 3, 131, 192, 2, 194, 224, 1, 225, 192, 0, 192, 128, 3, 131, 0, 0, 96, 1, 0, 129, 3, 0, 195, 1, 0, 161, 0, 0, 192, 0, 0, 194, 0, 0, 38, 0, 0, 42, 0, 0, 42, 0, 0, 198, 0, 0, 0 Z
Y  64, 1, 65, 224, 1, 225, 240, 0, 240, 224, 0, 224, 64, 1, 65, 0, 0, 48, 0, 0, 64, 1, 0, 97, 0, 0, 80, 0, 0, 96, 0, 0, 97, 0, 0, 19, 0, 0, 21, 0, 0, 21, 0, 0, 99, 0, 9, 0 Z
Y  32, 0, 32, 112, 0, 112, 248, 0, 248, 112, 0, 112, 32, 0, 32, 0, 0, 152, 0, 0, 160, 0, 0, 176, 0, 0, 168, 0, 0, 176, 0, 0, 48, 0, 0, 9, 0, 0, 138, 0, 0, 138, 0, 0, 49, 1, 0, 8 Z
Y  16, 0, 16, 56, 0, 56, 124, 0, 124, 56, 0, 56, 16, 0, 16, 0, 0, 76, 0, 0, 208, 0, 0, 88, 0, 0, 84, 0, 0, 216, 0, 0, 24, 0, 0, 132, 0, 0, 69, 0, 0, 69, 0, 0, 152, 1, 9, 9 Z
Y  8, 0, 8, 28, 0, 28, 62, 0, 62, 28, 0, 28, 8, 0, 8, 0, 0, 38, 0, 0, 104, 0, 0, 172, 0, 0, 170, 0, 0, 108, 0, 0, 140, 0, 0, 194, 0, 0, 162, 0, 0, 162, 0, 0, 204, 0, 0, 0 Z
Y  4, 0, 4, 14, 0, 14, 31, 0, 31, 14, 0, 14, 4, 0, 4, 0, 0, 19, 0, 0, 52, 0, 0, 86, 0, 0, 85, 0, 0, 54, 0, 0, 70, 0, 0, 97, 0, 0, 81, 0, 0, 81, 0, 0, 102, 0, 9, 8 Z
Y  2, 0, 130, 7, 0, 7, 15, 0, 15, 7, 0, 135, 2, 0, 2, 0, 0, 9, 0, 0, 154, 0, 0, 171, 0, 0, 170, 0, 0, 27, 0, 0, 35, 0, 0, 176, 0, 0, 168, 0, 0, 168, 0, 0, 51, 1, 1, 1 Z
Y  1, 0, 193, 3, 0, 3, 7, 0, 135, 3, 0, 67, 1, 0, 129, 0, 0, 132, 0, 0, 77, 0, 0, 85, 0, 0, 85, 0, 0, 141, 0, 0, 145, 0, 0, 88, 0, 0, 212, 0, 0, 84, 0, 0, 153, 1, 1, 8 Z
Y  0, 0, 96, 1, 0, 129, 3, 0, 195, 1, 0, 161, 0, 0, 192, 0, 0, 194, 0, 0, 38, 0, 0, 42, 0, 0, 42, 0, 0, 198, 0, 0, 72, 0, 0, 172, 0, 0, 234, 0, 0, 42, 0, 0, 204, 0, 0, 0 Z
Y  0, 0, 48, 0, 0, 64, 1, 0, 97, 0, 0, 80, 0, 0, 96, 0, 0, 97, 0, 0, 19, 0, 0, 21, 0, 0, 21, 0, 0, 99, 0, 0, 36, 0, 0, 86, 0, 0, 117, 0, 0, 21, 0, 0, 102, 0, 1, 0 Z
Y  0, 0, 152, 0, 0, 160, 0, 0, 176, 0, 0, 168, 0, 0, 176, 0, 0, 48, 0, 0, 9, 0, 0, 138, 0, 0, 138, 0, 0, 49, 0, 0, 18, 0, 0, 43, 0, 0, 186, 0, 0, 10, 0, 0, 51, 1, 9, 8 Z
Y  0, 0, 76, 0, 0, 208, 0, 0, 88, 0, 0, 84, 0, 0, 216, 0, 0, 24, 0, 0, 132, 0, 0, 69, 0, 0, 69, 0, 0, 152, 0, 0, 9, 0, 0, 149, 0, 0, 221, 0, 0, 133, 0, 0, 153, 0, 1, 1 Z
Y  0, 0, 38, 0, 0, 104, 0, 0, 172, 0, 0, 170, 0, 0, 108, 0, 0, 140, 0, 0, 194, 0, 0, 162, 0, 0, 162, 0, 0, 204, 0, 0, 132, 0, 0, 74, 0, 0, 238, 0, 0, 66, 0, 0, 76, 0, 0, 0 Z
Y  0, 0, 19, 0, 0, 52, 0, 0, 86, 0, 0, 85, 0, 0, 54, 0, 0, 70, 0, 0, 97, 0, 0, 81, 0, 0, 81, 0, 0, 102, 0, 0, 66, 0, 0, 37, 0, 0, 119, 0, 0, 33, 0, 0, 38, 1, 0, 8 Z
Y  0, 0, 9, 0, 0, 154, 0, 0, 171, 0, 0, 170, 0, 0, 27, 0, 0, 35, 0, 0, 176, 0, 0, 168, 0, 0, 168, 0, 0, 51, 0, 0, 33, 0, 0, 146, 0, 0, 59, 0, 0, 16, 0, 0, 147, 1, 1, 1 Z
Y  0, 0, 132, 0, 0, 77, 0, 0, 85, 0, 0, 85, 0, 0, 141, 0, 0, 145, 0, 0, 88, 0, 0, 212, 0, 0, 84, 0, 0, 153, 0, 0, 144, 0, 0, 73, 0, 0, 157, 0, 0, 8, 0, 0, 201, 0, 9, 8 Z
Y  0, 0, 194, 0, 0, 38, 0, 0, 42, 0, 0, 42, 0, 0, 198, 0, 0, 72, 0, 0, 172, 0, 0, 234, 0, 0, 42, 0, 0, 204, 0, 0, 72, 0, 0, 164, 0, 0, 206, 0, 0, 132, 0, 0, 100, 0, 0, 0 Z
Y  0, 0, 97, 0, 0, 19, 0, 0, 21, 0, 0, 21, 0, 0, 99, 0, 0, 36, 0, 0, 86, 0, 0, 117, 0, 0, 21, 0, 0, 102, 0, 0, 36, 0, 0, 82, 0, 0, 103, 0, 0, 66, 0, 0, 50, 1, 9, 9 Z
Y  0, 0, 48, 0, 0, 9, 0, 0, 138, 0, 0, 138, 0, 0, 49, 0, 0, 18, 0, 0, 43, 0, 0, 186, 0, 0, 10, 0, 0, 51, 0, 0, 146, 0, 0, 169, 0, 0, 179, 0, 0, 161, 0, 0, 153, 0, 0, 8 Z
Y  0, 0, 24, 0, 0, 132, 0, 0, 69, 0, 0, 69, 0, 0, 152, 0, 0, 9, 0, 0, 149, 0, 0, 221, 0, 0, 133, 0, 0, 153, 0, 0, 73, 0, 0, 212, 0, 0, 89, 0, 0, 80, 0, 0, 76, 1, 9, 0 Z
Y  0, 0, 140, 0, 0, 194, 0, 0, 162, 0, 0, 162, 0, 0, 204, 0, 0, 132, 0, 0, 74, 0, 0, 238, 0, 0, 66, 0, 0, 76, 0, 0, 36, 0, 0, 106, 0, 0, 172, 0, 0, 168, 0, 0, 166, 0, 0, 0 Z
Y  0, 0, 70, 0, 0, 97, 0, 0, 81, 0, 0, 81, 0, 0, 102, 0, 0, 66, 0, 0, 37, 0, 0, 119, 0, 0, 33, 0, 0, 38, 0, 0, 18, 0, 0, 53, 0, 0, 86, 0, 0, 84, 0, 0, 83, 1, 9, 1 Z
Y  0, 0, 35, 0, 0, 176, 0, 0, 168, 0, 0, 168, 0, 0, 51, 0, 0, 33, 0, 0, 146, 0, 0, 59, 0, 0, 16, 0, 0, 147, 0, 0, 137, 0, 0, 26, 0, 0, 171, 0, 0, 170, 0, 0, 169, 0, 0, 0 Z
Y  0, 0, 145, 0, 0, 88, 0, 0, 212, 0, 0, 84, 0, 0, 153, 0, 0, 144, 0, 0, 73, 0, 0, 157, 0, 0, 8, 0, 0, 201, 0, 0, 68, 0, 0, 13, 0, 0, 85, 0, 0, 85, 0, 0, 84, 1, 8, 0 Z
Y  0, 0, 72, 0, 0, 172, 0, 0, 234, 0, 0, 42, 0, 0, 204, 0, 0, 72, 0, 0, 164, 0, 0, 206, 0, 0, 132, 0, 0, 100, 0, 0, 34, 0, 0, 6, 0, 0, 42, 0, 0, 170, 0, 0, 170, 1, 0, 0 Z
Y  0, 0, 36, 0, 0, 86, 0, 0, 117, 0, 0, 21, 0, 0, 102, 0, 0, 36, 0, 0, 82, 0, 0, 103, 0, 0, 66, 0, 0, 50, 0, 0, 17, 0, 0, 3, 0, 0, 21, 0, 0, 85, 0, 0, 213, 0, 9, 1 Z
Y  0, 0, 18, 0, 0, 43, 0, 0, 186, 0, 0, 10, 0, 0, 51, 0, 0, 146, 0, 0, 169, 0, 0, 179, 0, 0, 161, 0, 0, 153, 0, 0, 136, 0, 0, 1, 0, 0, 138, 0, 0, 170, 0, 0, 106, 0, 0, 0 Z
Y  0, 0, 9, 0, 0, 149, 0, 0, 221, 0, 0, 133, 0, 0, 153, 0, 0, 73, 0, 0, 212, 0, 0, 89, 0, 0, 80, 0, 0, 76, 0, 0, 68, 0, 0, 0, 0, 0, 69, 0, 0, 85, 0, 0, 53, 1, 9, 9 Z
Y  0, 0, 132, 0, 0, 74, 0, 0, 238, 0, 0, 66, 0, 0, 76, 0, 0, 36, 0, 0, 106, 0, 0, 172, 0, 0, 168, 0, 0, 166, 0, 0, 162, 0, 0, 128, 0, 0, 162, 0, 0, 170, 0, 0, 154, 0, 1, 0 Z
Y  0, 0, 66, 0, 0, 37, 0, 0, 119, 0, 0, 33, 0, 0, 38, 0, 0, 18, 0, 0, 53, 0, 0, 86, 0, 0, 84, 0, 0, 83, 0, 0, 81, 0, 0, 64, 0, 0, 209, 0, 0, 85, 0, 0, 77, 1, 8, 8 Z
Y  0, 0, 33, 0, 0, 146, 0, 0, 59, 0, 0, 16, 0, 0, 147, 0, 0, 137, 0, 0, 26, 0, 0, 171, 0, 0, 170, 0, 0, 169, 0, 0, 40, 0, 0, 160, 0, 0, 104, 0, 0, 170, 0, 0, 166, 0, 0, 0 Z
Y  0, 0, 144, 0, 0, 73, 0, 0, 157, 0, 0, 8, 0, 0, 201, 0, 0, 68, 0, 0, 13, 0, 0, 85, 0, 0, 85, 0, 0, 84, 0, 0, 20, 0, 0, 80, 0, 0, 52, 0, 0, 85, 0, 0, 83, 0, 9, 9 Z
Y  0, 0, 72, 0, 0, 164, 0, 0, 206, 0, 0, 132, 0, 0, 100, 0, 0, 34, 0, 0, 6, 0, 0, 42, 0, 0, 170, 0, 0, 170, 0, 0, 138, 0, 0, 168, 0, 0, 154, 0, 0, 170, 0, 0, 41, 1, 0, 0 Z
Y  0, 0, 36, 0, 0, 82, 0, 0, 103, 0, 0, 66, 0, 0, 50, 0, 0, 17, 0, 0, 3, 0, 0, 21, 0, 0, 85, 0, 0, 213, 0, 0, 69, 0, 0, 84, 0, 0, 77, 0, 0, 85, 0, 0, 148, 1, 0, 0 Z
Y  0, 0, 146, 0, 0, 169, 0, 0, 179, 0, 0, 161, 0, 0, 153, 0, 0, 136, 0, 0, 1, 0, 0, 138, 0, 0, 170, 0, 0, 106, 0, 0, 34, 0, 0, 42, 0, 0, 38, 0, 0, 42, 0, 0, 202, 0, 0, 0 Z
Y  0, 0, 73, 0, 0, 212, 0, 0, 89, 0, 0, 80, 0, 0, 76, 0, 0, 68, 0, 0, 0, 0, 0, 69, 0, 0, 85, 0, 0, 53, 0, 0, 17, 0, 0, 21, 0, 0, 19, 0, 0, 21, 0, 0, 101, 1, 9, 9 Z
Y  0, 0, 36, 0, 0, 106, 0, 0, 172, 0, 0, 168, 0, 0, 166, 0, 0, 162, 0, 0, 128, 0, 0, 162, 0, 0, 170, 0, 0, 154, 0, 0, 136, 0, 0, 138, 0, 0, 137, 0, 0, 138, 0, 0, 178, 0, 1, 9 Z
Y  0, 0, 18, 0, 0, 53, 0, 0, 86, 0, 0, 84, 0, 0, 83, 0, 0, 81, 0, 0, 64, 0, 0, 209, 0, 0, 85, 0, 0, 77, 0, 0, 196, 0, 0, 197, 0, 0, 196, 0, 0, 69, 0, 0, 89, 1, 9, 8 Z
Y  0, 0, 137, 0, 0, 26, 0, 0, 171, 0, 0, 170, 0, 0, 169, 0, 0, 40, 0, 0, 160, 0, 0, 104, 0, 0, 170, 0, 0, 166, 0, 0, 98, 0, 0, 226, 0, 0, 226, 0, 0, 162, 0, 0, 172, 0, 0, 0 Z
Y  0, 0, 68, 0, 0, 13, 0, 0, 85, 0, 0, 85, 0, 0, 84, 0, 0, 20, 0, 0, 80, 0, 0, 52, 0, 0, 85, 0, 0, 83, 0, 0, 49, 0, 0, 113, 0, 0, 113, 0, 0, 81, 0, 0, 86, 1, 9, 9 Z
Y  0, 0, 34, 0, 0, 6, 0, 0, 42, 0, 0, 170, 0, 0, 170, 0, 0, 138, 0, 0, 168, 0, 0, 154, 0, 0, 170, 0, 0, 41, 0, 0, 152, 0, 0, 184, 0, 0, 184, 0, 0, 168, 0, 0, 171, 0, 0, 1 Z
Y  0, 0, 17, 0, 0, 3, 0, 0, 21, 0, 0, 85, 0, 0, 213, 0, 0, 69, 0, 0, 84, 0, 0, 77, 0, 0, 85, 0, 0, 148, 0, 0, 204, 0, 0, 92, 0, 0, 92, 0, 0, 84, 0, 0, 85, 1, 9, 8 Z
Y  0, 0, 136, 0, 0, 1, 0, 0, 138, 0, 0, 170, 0, 0, 106, 0, 0, 34, 0, 0, 42, 0, 0, 38, 0, 0, 42, 0, 0, 202, 0, 0, 102, 0, 0, 174, 0, 0, 174, 0, 0, 170, 0, 0, 170, 0, 0, 0 Z
Y  0, 0, 68, 0, 0, 0, 0, 0, 69, 0, 0, 85, 0, 0, 53, 0, 0, 17, 0, 0, 21, 0, 0, 19, 0, 0, 21, 0, 0, 101, 0, 0, 51, 0, 0, 87, 0, 0, 87, 0, 0, 85, 0, 0, 85, 0, 9, 8 Z
Y  0, 0, 162, 0, 0, 128, 0, 0, 162, 0, 0, 170, 0, 0, 154, 0, 0, 136, 0, 0, 138, 0, 0, 137, 0, 0, 138, 0, 0, 178, 0, 0, 25, 0, 0, 171, 0, 0, 171, 0, 0, 170, 0, 0, 42, 1, 0, 1 Z
Y  0, 0, 81, 0, 0, 64, 0, 0, 209, 0, 0, 85, 0, 0, 77, 0, 0, 196, 0, 0, 197, 0, 0, 196, 0, 0, 69, 0, 0, 89, 0, 0, 140, 0, 0, 85, 0, 0, 85, 0, 0, 85, 0, 0, 149, 0, 9, 8 Z
Y  0, 0, 40, 0, 0, 160, 0, 0, 104, 0, 0, 170, 0, 0, 166, 0, 0, 98, 0, 0, 226, 0, 0, 226, 0, 0, 162, 0, 0, 172, 0, 0, 70, 0, 0, 170, 0, 0, 170, 0, 0, 170, 0, 0, 74, 0, 0, 0 Z
Y  0, 0, 20, 0, 0, 80, 0, 0, 52, 0, 0, 85, 0, 0, 83, 0, 0, 49, 0, 0, 113, 0, 0, 113, 0, 0, 81, 0, 0, 86, 0, 0, 35, 0, 0, 85, 0, 0, 85, 0, 0, 85, 0, 0, 37, 1, 9, 9 Z
Y  0, 0, 138, 0, 0, 168, 0, 0, 154, 0, 0, 170, 0, 0, 41, 0, 0, 152, 0, 0, 184, 0, 0, 184, 0, 0, 168, 0, 0, 171, 0, 0, 145, 0, 0, 170, 0, 0, 170, 0, 0, 170, 0, 0, 146, 0, 1, 1 Z
Y  0, 0, 69, 0, 0, 84, 0, 0, 77, 0, 0, 85, 0, 0, 148, 0, 0, 204, 0, 0, 92, 0, 0, 92, 0, 0, 84, 0, 0, 85, 0, 0, 200, 0, 0, 85, 0, 0, 213, 0, 0, 85, 0, 0, 73, 0, 0, 8 Z
Y  0, 0, 34, 0, 0, 42, 0, 0, 38, 0, 0, 42, 0, 0, 202, 0, 0, 102, 0, 0, 174, 0, 0, 174, 0, 0, 170, 0, 0, 170, 0, 0, 100, 0, 0, 170, 0, 0, 106, 0, 0, 42, 0, 0, 36, 0, 0, 0 Z
Y  0, 0, 17, 0, 0, 21, 0, 0, 19, 0, 0, 21, 0, 0, 101, 0, 0, 51, 0, 0, 87, 0, 0, 87, 0, 0, 85, 0, 0, 85, 0, 0, 50, 0, 0, 85, 0, 0, 53, 0, 0, 21, 0, 0, 18, 0, 0, 8 Z
Y  0, 0, 136, 0, 0, 138, 0, 0, 137, 0, 0, 138, 0, 0, 178, 0, 0, 25, 0, 0, 171, 0, 0, 171, 0, 0, 170, 0, 0, 42, 0, 0, 25, 0, 0, 170, 0, 0, 26, 0, 0, 10, 0, 0, 9, 0, 1, 1 Z
Y  0, 0, 196, 0, 0, 197, 0, 0, 196, 0, 0, 69, 0, 0, 89, 0, 0, 140, 0, 0, 85, 0, 0, 85, 0, 0, 85, 0, 0, 149, 0, 0, 140, 0, 0, 85, 0, 0, 141, 0, 0, 5, 0, 0, 4, 1, 9, 9 Z
Y  0, 0, 98, 0, 0, 226, 0, 0, 226, 0, 0, 162, 0, 0, 172, 0, 0, 70, 0, 0, 170, 0, 0, 170, 0, 0, 170, 0, 0, 74, 0, 0, 198, 0, 0, 170, 0, 0, 198, 0, 0, 130, 0, 0, 130, 0, 0, 0 Z
Y  0, 0, 49, 0, 0, 113, 0, 0, 113, 0, 0, 81, 0, 0, 86, 0, 0, 35, 0, 0, 85, 0, 0, 85, 0, 0, 85, 0, 0, 37, 0, 0, 99, 0, 0, 85, 0, 0, 99, 0, 0, 65, 0, 0, 65, 1, 9, 8 Z
Y  0, 0, 152, 0, 0, 184, 0, 0, 184, 0, 0, 168, 0, 0, 171, 0, 0, 145, 0, 0, 170, 0, 0, 170, 0, 0, 170, 0, 0, 146, 0, 0, 49, 0, 0, 170, 0, 0, 177, 0, 0, 160, 0, 0, 160, 0, 0, 1 Z
Y  0, 0, 204, 0, 0, 92, 0, 0, 92, 0, 0, 84, 0, 0, 85, 0, 0, 200, 0, 0, 85, 0, 0, 213, 0, 0, 85, 0, 0, 73, 0, 0, 152, 0, 0, 85, 0, 0, 88, 0, 0, 80, 0, 0, 80, 0, 0, 1 Z
Y  0, 0, 102, 0, 0, 174, 0, 0, 174, 0, 0, 170, 0, 0, 170, 0, 0, 100, 0, 0, 170, 0, 0, 106, 0, 0, 42, 0, 0, 36, 0, 0, 204, 0, 0, 42, 0, 0, 44, 0, 0, 40, 0, 0, 40, 0, 0, 0 Z
Y  0, 0, 51, 0, 0, 87, 0, 0, 87, 0, 0, 85, 0, 0, 85, 0, 0, 50, 0, 0, 85, 0, 0, 53, 0, 0, 21, 0, 0, 18, 0, 0, 102, 0, 0, 21, 0, 0, 22, 0, 0, 20, 0, 0, 20, 1, 0, 8 Z
Y  0, 0, 25, 0, 0, 171, 0, 0, 171, 0, 0, 170, 0, 0, 42, 0, 0, 25, 0, 0, 170, 0, 0, 26, 0, 0, 10, 0, 0, 9, 0, 0, 51, 0, 0, 138, 0, 0, 11, 0, 0, 10, 0, 0, 138, 1, 1, 1 Z
Y  0, 0, 140, 0, 0, 85, 0, 0, 85, 0, 0, 85, 0, 0, 149, 0, 0, 140, 0, 0, 85, 0, 0, 141, 0, 0, 5, 0, 0, 4, 0, 0, 153, 0, 0, 69, 0, 0, 133, 0, 0, 5, 0, 0, 197, 0, 8, 1 Z
Y  0, 0, 70, 0, 0, 170, 0, 0, 170, 0, 0, 170, 0, 0, 74, 0, 0, 198, 0, 0, 170, 0, 0, 198, 0, 0, 130, 0, 0, 130, 0, 0, 204, 0, 0, 34, 0, 0, 66, 0, 0, 130, 0, 0, 98, 0, 0, 0 Z
Y  0, 0, 35, 0, 0, 85, 0, 0, 85, 0, 0, 85, 0, 0, 37, 0, 0, 99, 0, 0, 85, 0, 0, 99, 0, 0, 65, 0, 0, 65, 0, 0, 102, 0, 0, 17, 0, 0, 33, 0, 0, 65, 0, 0, 49, 0, 0, 8 Z
Y  0, 0, 145, 0, 0, 170, 0, 0, 170, 0, 0, 170, 0, 0, 146, 0, 0, 49, 0, 0, 170, 0, 0, 177, 0, 0, 160, 0, 0, 160, 0, 0, 51, 0, 0, 136, 0, 0, 16, 0, 0, 32, 0, 0, 24, 0, 9, 9 Z
Y  0, 0, 200, 0, 0, 85, 0, 0, 213, 0, 0, 85, 0, 0, 73, 0, 0, 152, 0, 0, 85, 0, 0, 88, 0, 0, 80, 0, 0, 80, 0, 0, 153, 0, 0, 196, 0, 0, 136, 0, 0, 144, 0, 0, 12, 1, 0, 8 Z
Y  0, 0, 100, 0, 0, 170, 0, 0, 106, 0, 0, 42, 0, 0, 36, 0, 0, 204, 0, 0, 42, 0, 0, 44, 0, 0, 40, 0, 0, 40, 0, 0, 76, 0, 0, 226, 0, 0, 68, 0, 0, 72, 0, 0, 134, 0, 0, 0 Z
Y  0, 0, 50, 0, 0, 85, 0, 0, 53, 0, 0, 21, 0, 0, 18, 0, 0, 102, 0, 0, 21, 0, 0, 22, 0, 0, 20, 0, 0, 20, 0, 0, 38, 0, 0, 113, 0, 0, 34, 0, 0, 36, 0, 0, 67, 0, 9, 9 Z
Y  0, 0, 25, 0, 0, 170, 0, 0, 26, 0, 0, 10, 0, 0, 9, 0, 0, 51, 0, 0, 138, 0, 0, 11, 0, 0, 10, 0, 0, 138, 0, 0, 147, 0, 0, 184, 0, 0, 145, 0, 0, 146, 0, 0, 33, 1, 0, 0 Z
Y  0, 0, 140, 0, 0, 85, 0, 0, 141, 0, 0, 5, 0, 0, 4, 0, 0, 153, 0, 0, 69, 0, 0, 133, 0, 0, 5, 0, 0, 197, 0, 0, 73, 0, 0, 92, 0, 0, 72, 0, 0, 73, 0, 0, 144, 1, 9, 9 Z
Y  0, 0, 198, 0, 0, 170, 0, 0, 198, 0, 0, 130, 0, 0, 130, 0, 0, 204, 0, 0, 34, 0, 0, 66, 0, 0, 130, 0, 0, 98, 0, 0, 164, 0, 0, 174, 0, 0, 164, 0, 0, 164, 0, 0, 200, 0, 0, 0 Z
Y  0, 0, 99, 0, 0, 85, 0, 0, 99, 0, 0, 65, 0, 0, 65, 0, 0, 102, 0, 0, 17, 0, 0, 33, 0, 0, 65, 0, 0, 49, 0, 0, 82, 0, 0, 87, 0, 0, 82, 0, 0, 82, 0, 0, 100, 0, 9, 9 Z
Y  0, 0, 49, 0, 0, 170, 0, 0, 177, 0, 0, 160, 0, 0, 160, 0, 0, 51, 0, 0, 136, 0, 0, 16, 0, 0, 32, 0, 0, 24, 0, 0, 169, 0, 0, 171, 0, 0, 169, 0, 0, 169, 0, 0, 50, 1, 0, 0 Z
Y  0, 0, 152, 0, 0, 85, 0, 0, 88, 0, 0, 80, 0, 0, 80, 0, 0, 153, 0, 0, 196, 0, 0, 136, 0, 0, 144, 0, 0, 12, 0, 0, 84, 0, 0, 85, 0, 0, 84, 0, 0, 84, 0, 0, 153, 0, 9, 9 Z
Y  0, 0, 204, 0, 0, 42, 0, 0, 44, 0, 0, 40, 0, 0, 40, 0, 0, 76, 0, 0, 226, 0, 0, 68, 0, 0, 72, 0, 0, 134, 0, 0, 170, 0, 0, 170, 0, 0, 170, 0, 0, 170, 0, 0, 76, 0, 0, 0 Z
Y  0, 0, 102, 0, 0, 21, 0, 0, 22, 0, 0, 20, 0, 0, 20, 0, 0, 38, 0, 0, 113, 0, 0, 34, 0, 0, 36, 0, 0, 67, 0, 0, 85, 0, 0, 85, 0, 0, 85, 0, 0, 85, 0, 0, 38, 0, 9, 9 Z
Y  0, 0, 51, 0, 0, 138, 0, 0, 11, 0, 0, 10, 0, 0, 138, 0, 0, 147, 0, 0, 184, 0, 0, 145, 0, 0, 146, 0, 0, 33, 0, 0, 170, 0, 0, 170, 0, 0, 170, 0, 0, 170, 0, 0, 19, 1, 9, 0 Z
Y  0, 0, 153, 0, 0, 69, 0, 0, 133, 0, 0, 5, 0, 0, 197, 0, 0, 73, 0, 0, 92, 0, 0, 72, 0, 0, 73, 0, 0, 144, 0, 0, 85, 0, 0, 85, 0, 0, 213, 0, 0, 213, 0, 0, 137, 1, 9, 9 Z
Y  0, 0, 204, 0, 0, 34, 0, 0, 66, 0, 0, 130, 0, 0, 98, 0, 0, 164, 0, 0, 174, 0, 0, 164, 0, 0, 164, 0, 0, 200, 0, 0, 170, 0, 0, 170, 0, 0, 234, 0, 0, 234, 0, 0, 196, 0, 0, 0 Z
Y  0, 0, 102, 0, 0, 17, 0, 0, 33, 0, 0, 65, 0, 0, 49, 0, 0, 82, 0, 0, 87, 0, 0, 82, 0, 0, 82, 0, 0, 100, 0, 0, 85, 0, 0, 85, 0, 0, 117, 0, 0, 117, 0, 0, 98, 1, 8, 9 Z
Y  0, 0, 51, 0, 0, 136, 0, 0, 16, 0, 0, 32, 0, 0, 24, 0, 0, 169, 0, 0, 171, 0, 0, 169, 0, 0, 169, 0, 0, 50, 0, 0, 170, 0, 0, 170, 0, 0, 58, 0, 0, 186, 0, 0, 177, 0, 1, 0 Z
Y  0, 0, 153, 0, 0, 196, 0, 0, 136, 0, 0, 144, 0, 0, 12, 0, 0, 84, 0, 0, 85, 0, 0, 84, 0, 0, 84, 0, 0, 153, 0, 0, 85, 0, 0, 85, 0, 0, 157, 0, 0, 93, 0, 0, 88, 1, 8, 9 Z
Y  0, 0, 76, 0, 0, 226, 0, 0, 68, 0, 0, 72, 0, 0, 134, 0, 0, 170, 0, 0, 170, 0, 0, 170, 0, 0, 170, 0, 0, 76, 0, 0, 170, 0, 0, 170, 0, 0, 78, 0, 0, 174, 0, 0, 172, 0, 0, 0 Z
Y  0, 0, 38, 0, 0, 113, 0, 0, 34, 0, 0, 36, 0, 0, 67, 0, 0, 85, 0, 0, 85, 0, 0, 85, 0, 0, 85, 0, 0, 38, 0, 0, 85, 0, 0, 85, 0, 0, 39, 0, 0, 87, 0, 0, 86, 1, 0, 9 Z
Y  0, 0, 147, 0, 0, 184, 0, 0, 145, 0, 0, 146, 0, 0, 33, 0, 0, 170, 0, 0, 170, 0, 0, 170, 0, 0, 170, 0, 0, 19, 0, 0, 170, 0, 0, 170, 0, 0, 19, 0, 0, 43, 0, 0, 171, 1, 1, 0 Z
Y  0, 0, 73, 0, 0, 92, 0, 0, 72, 0, 0, 73, 0, 0, 144, 0, 0, 85, 0, 0, 85, 0, 0, 213, 0, 0, 213, 0, 0, 137, 0, 0, 85, 0, 0, 85, 0, 0, 137, 0, 0, 21, 0, 0, 213, 0, 9, 9 Z
Y  0, 0, 164, 0, 0, 174, 0, 0, 164, 0, 0, 164, 0, 0, 200, 0, 0, 170, 0, 0, 170, 0, 0, 234, 0, 0, 234, 0, 0, 196, 0, 0, 170, 0, 0, 170, 0, 0, 196, 0, 0, 138, 0, 0, 106, 0, 0, 0 Z
Y  0, 0, 82, 0, 0, 87, 0, 0, 82, 0, 0, 82, 0, 0, 100, 0, 0, 85, 0, 0, 85, 0, 0, 117, 0, 0, 117, 0, 0, 98, 0, 0, 85, 0, 0, 85, 0, 0, 98, 0, 0, 69, 0, 0, 53, 1, 8, 1 Z
Y  0, 0, 169, 0, 0, 171, 0, 0, 169, 0, 0, 169, 0, 0, 50, 0, 0, 170, 0, 0, 170, 0, 0, 58, 0, 0, 186, 0, 0, 177, 0, 0, 170, 0, 0, 42, 0, 0, 49, 0, 0, 162, 0, 0, 154, 1, 1, 1 Z
Y  0, 0, 84, 0, 0, 85, 0, 0, 84, 0, 0, 84, 0, 0, 153, 0, 0, 85, 0, 0, 85, 0, 0, 157, 0, 0, 93, 0, 0, 88, 0, 0, 213, 0, 0, 21, 0, 0, 152, 0, 0, 81, 0, 0, 205, 1, 0, 9 Z
Y  0, 0, 170, 0, 0, 170, 0, 0, 170, 0, 0, 170, 0, 0, 76, 0, 0, 170, 0, 0, 170, 0, 0, 78, 0, 0, 174, 0, 0, 172, 0, 0, 234, 0, 0, 138, 0, 0, 76, 0, 0, 40, 0, 0, 230, 0, 0, 0 Z
Y  0, 0, 85, 0, 0, 85, 0, 0, 85, 0, 0, 85, 0, 0, 38, 0, 0, 85, 0, 0, 85, 0, 0, 39, 0, 0, 87, 0, 0, 86, 0, 0, 117, 0, 0, 69, 0, 0, 38, 0, 0, 20, 0, 0, 115, 0, 0, 0 Z
Y  0, 0, 170, 0, 0, 170, 0, 0, 170, 0, 0, 170, 0, 0, 19, 0, 0, 170, 0, 0, 170, 0, 0, 19, 0, 0, 43, 0, 0, 171, 0, 0, 58, 0, 0, 34, 0, 0, 19, 0, 0, 10, 0, 0, 57, 0, 0, 0 Z
Y  0, 0, 85, 0, 0, 85, 0, 0, 213, 0, 0, 213, 0, 0, 137, 0, 0, 85, 0, 0, 85, 0, 0, 137, 0, 0, 21, 0, 0, 213, 0, 0, 29, 0, 0, 17, 0, 0, 9, 0, 0, 5, 0, 0, 28, 0, 6, 0 Z
Y  0, 0, 170, 0, 0, 170, 0, 0, 234, 0, 0, 234, 0, 0, 196, 0, 0, 170, 0, 0, 170, 0, 0, 196, 0, 0, 138, 0, 0, 106, 0, 0, 14, 0, 0, 8, 128, 128, 4, 0, 0, 2, 0, 0, 14, 0, 54, 48 Z
Y  0, 0, 85, 0, 0, 85, 0, 0, 117, 0, 0, 117, 0, 0, 98, 0, 0, 85, 0, 0, 85, 0, 0, 98, 0, 0, 69, 0, 0, 53, 0, 0, 7, 128, 128, 4, 192, 192, 2, 128, 128, 1, 0, 0, 7, 6, 54, 54 Z
Y  0, 0, 170, 0, 0, 170, 0, 0, 58, 0, 0, 186, 0, 0, 177, 0, 0, 170, 0, 0, 42, 0, 0, 49, 0, 0, 162, 0, 0, 154, 128, 128, 3, 192, 192, 2, 224, 224, 1, 192, 192, 0, 128, 128, 3, 0, 54, 48 Z
Y  0, 0, 85, 0, 0, 85, 0, 0, 157, 0, 0, 93, 0, 0, 88, 0, 0, 213, 0, 0, 21, 0, 0, 152, 0, 0, 81, 0, 0, 205, 64, 64, 1, 224, 224, 1, 240, 240, 0, 224, 224, 0, 64, 64, 1, 0, 6, 0 Z
Y  0, 0, 170, 0, 0, 170, 0, 0, 78, 0, 0, 174, 0, 0, 172, 0, 0, 234, 0, 0, 138, 0, 0, 76, 0, 0, 40, 0, 0, 230, 32, 32, 0, 112, 112, 0, 248, 248, 0, 112, 112, 0, 32, 32, 0, 0, 0, 0 Z
Y  0, 0, 85, 0, 0, 85, 0, 0, 39, 0, 0, 87, 0, 0, 86, 0, 0, 117, 0, 0, 69, 0, 0, 38, 0, 0, 20, 0, 0, 115, 16, 16, 0, 56, 56, 0, 124, 124, 0, 56, 56, 0, 16, 16, 0, 0, 0, 0 Z
Y  0, 0, 170, 0, 0, 170, 0, 0, 19, 0, 0, 43, 0, 0, 171, 0, 0, 58, 0, 0, 34, 0, 0, 19, 0, 0, 10, 0, 0, 57, 8, 8, 0, 28, 28, 0, 62, 62, 0, 28, 28, 0, 8, 8, 0, 0, 0, 0 Z
Y  0, 0, 85, 0, 0, 85, 0, 0, 137, 0, 0, 21, 0, 0, 213, 0, 0, 29, 0, 0, 17, 0, 0, 9, 0, 0, 5, 0, 0, 28, 4, 4, 0, 14, 14, 0, 31, 31, 0, 14, 14, 0, 4, 4, 0, 0, 18, 16 Z
Y  0, 0, 170, 0, 0, 170, 0, 0, 196, 0, 0, 138, 0, 0, 106, 0, 0, 14, 0, 0, 8, 128, 128, 4, 0, 0, 2, 0, 0, 14, 2, 2, 0, 7, 135, 0, 15, 143, 0, 7, 135, 0, 2, 2, 0, 2, 0, 2 Z
Y  0, 0, 85, 0, 0, 85, 0, 0, 98, 0, 0, 69, 0, 0, 53, 0, 0, 7, 128, 128, 4, 192, 192, 2, 128, 128, 1, 0, 0, 7, 1, 129, 0, 3, 67, 0, 7, 71, 0, 3, 67, 0, 1, 129, 0, 0, 0, 0 Z
Y  0, 0, 170, 0, 0, 42, 0, 0, 49, 0, 0, 162, 0, 0, 154, 128, 128, 3, 192, 192, 2, 224, 224, 1, 192, 192, 0, 128, 128, 3, 0, 64, 0, 1, 33, 0, 3, 35, 0, 1, 33, 0, 0, 64, 0, 0, 0, 2 Z
Y  0, 0, 213, 0, 0, 21, 0, 0, 152, 0, 0, 81, 0, 0, 205, 64, 64, 1, 224, 224, 1, 240, 240, 0, 224, 224, 0, 64, 64, 1, 0, 160, 0, 0, 16, 0, 1, 17, 0, 0, 16, 0, 0, 32, 0, 2, 18, 18 Z
Y  0, 0, 234, 0, 0, 138, 0, 0, 76, 0, 0, 40, 0, 0, 230, 32, 32, 0, 112, 112, 0, 248, 248, 0, 112, 112, 0, 32, 32, 0, 0, 208, 0, 0, 136, 0, 0, 136, 0, 0, 136, 0, 0, 144, 0, 0, 0, 0 Z
Y  0, 0, 117, 0, 0, 69, 0, 0, 38, 0, 0, 20, 0, 0, 115, 16, 16, 0, 56, 56, 0, 124, 124, 0, 56, 56, 0, 16, 16, 0, 0, 104, 0, 0, 68, 0, 0, 68, 0, 0, 68, 0, 0, 72, 0, 2, 18, 2 Z
Y  0, 0, 58, 0, 0, 34, 0, 0, 19, 0, 0, 10, 0, 0, 57, 8, 8, 0, 28, 28, 0, 62, 62, 0, 28, 28, 0, 8, 8, 0, 0, 180, 0, 0, 34, 0, 0, 162, 0, 0, 162, 0, 0, 164, 0, 2, 2, 2 Z
Y  0, 0, 29, 0, 0, 17, 0, 0, 9, 0, 0, 5, 0, 0, 28, 4, 4, 0, 14, 14, 0, 31, 31, 0, 14, 14, 0, 4, 4, 0, 0, 218, 0, 0, 17, 0, 0, 209, 0, 0, 81, 0, 0, 210, 0, 2, 2, 18 Z
Y  0, 0, 14, 0, 0, 8, 128, 128, 4, 0, 0, 2, 0, 0, 14, 2, 2, 0, 7, 135, 0, 15, 143, 0, 7, 135, 0, 2, 2, 0, 0, 237, 0, 0, 136, 0, 0, 232, 0, 0, 40, 0, 0, 233, 0, 0, 0, 0 Z
Y  0, 0, 7, 128, 128, 4, 192, 192, 2, 128, 128, 1, 0, 0, 7, 1, 129, 0, 3, 67, 0, 7, 71, 0, 3, 67, 0, 1, 129, 0, 0, 118, 0, 0, 68, 0, 0, 116, 0, 0, 20, 0, 0, 116, 0, 2, 2, 2 Z
Y  128, 128, 3, 192, 192, 2, 224, 224, 1, 192, 192, 0, 128, 128, 3, 0, 64, 0, 1, 33, 0, 3, 35, 0, 1, 33, 0, 0, 64, 0, 0, 187, 0, 0, 34, 0, 0, 186, 0, 0, 10, 0, 0, 186, 0, 2, 2, 2 Z
Y  64, 64, 1, 224, 224, 1, 240, 240, 0, 224, 224, 0, 64, 64, 1, 0, 160, 0, 0, 16, 0, 1, 17, 0, 0, 16, 0, 0, 32, 0, 0, 221, 0, 0, 17, 0, 0, 221, 0, 0, 5, 0, 0, 221, 0, 2, 18, 18 Z
Y  32, 32, 0, 112, 112, 0, 248, 248, 0, 112, 112, 0, 32, 32, 0, 0, 208, 0, 0, 136, 0, 0, 136, 0, 0, 136, 0, 0, 144, 0, 0, 238, 0, 0, 136, 0, 0, 238, 0, 0, 130, 0, 0, 238, 0, 0, 0, 0 Z
Y  16, 16, 0, 56, 56, 0, 124, 124, 0, 56, 56, 0, 16, 16, 0, 0, 104, 0, 0, 68, 0, 0, 68, 0, 0, 68, 0, 0, 72, 0, 0, 119, 0, 0, 68, 0, 0, 119, 0, 0, 65, 0, 0, 119, 0, 0, 2, 18 Z
Y  8, 8, 0, 28, 28, 0, 62, 62, 0, 28, 28, 0, 8, 8, 0, 0, 180, 0, 0, 34, 0, 0, 162, 0, 0, 162, 0, 0, 164, 0, 0, 187, 0, 0, 162, 0, 0, 187, 0, 0, 32, 0, 0, 59, 0, 0, 2, 0 Z
Y  4, 4, 0, 14, 14, 0, 31, 31, 0, 14, 14, 0, 4, 4, 0, 0, 218, 0, 0, 17, 0, 0, 209, 0, 0, 81, 0, 0, 210, 0, 0, 93, 0, 0, 81, 0, 0, 221, 0, 0, 16, 0, 0, 29, 0, 2, 18, 18 Z
Y  2, 2, 0, 7, 135, 0, 15, 143, 0, 7, 135, 0, 2, 2, 0, 0, 237, 0, 0, 136, 0, 0, 232, 0, 0, 40, 0, 0, 233, 0, 0, 174, 0, 0, 168, 0, 0, 238, 0, 0, 136, 0, 0, 142, 0, 0, 0, 0 Z
Y  1, 129, 0, 3, 67, 0, 7, 71, 0, 3, 67, 0, 1, 129, 0, 0, 118, 0, 0, 68, 0, 0, 116, 0, 0, 20, 0, 0, 116, 0, 0, 87, 0, 0, 84, 0, 0, 119, 0, 0, 68, 0, 0, 71, 0, 2, 2, 18 Z
Y  0, 64, 0, 1, 33, 0, 3, 35, 0, 1, 33, 0, 0, 64, 0, 0, 187, 0, 0, 34, 0, 0, 186, 0, 0, 10, 0, 0, 186, 0, 0, 171, 0, 0, 170, 0, 0, 187, 0, 0, 34, 0, 0, 163, 0, 2, 2, 2 Z
Y  0, 160, 0, 0, 16, 0, 1, 17, 0, 0, 16, 0, 0, 32, 0, 0, 221, 0, 0, 17, 0, 0, 221, 0, 0, 5, 0, 0, 221, 0, 0, 213, 0, 0, 85, 0, 0, 221, 0, 0, 17, 0, 0, 209, 0, 2, 18, 2 Z
Y  0, 208, 0, 0, 136, 0, 0, 136, 0, 0, 136, 0, 0, 144, 0, 0, 238, 0, 0, 136, 0, 0, 238, 0, 0, 130, 0, 0, 238, 0, 0, 234, 0, 0, 42, 0, 0, 238, 0, 0, 136, 0, 0, 232, 0, 0, 0, 0 Z
Y  0, 104, 0, 0, 68, 0, 0, 68, 0, 0, 68, 0, 0, 72, 0, 0, 119, 0, 0, 68, 0, 0, 119, 0, 0, 65, 0, 0, 119, 0, 0, 117, 0, 0, 21, 0, 0, 119, 0, 0, 68, 0, 0, 116, 0, 2, 18, 18 Z
Y  0, 180, 0, 0, 34, 0, 0, 162, 0, 0, 162, 0, 0, 164, 0, 0, 187, 0, 0, 162, 0, 0, 187, 0, 0, 32, 0, 0, 59, 0, 0, 186, 0, 0, 138, 0, 0, 187, 0, 0, 162, 0, 0, 186, 0, 2, 2, 2 Z
Y  0, 218, 0, 0, 17, 0, 0, 209, 0, 0, 81, 0, 0, 210, 0, 0, 93, 0, 0, 81, 0, 0, 221, 0, 0, 16, 0, 0, 29, 0, 0, 221, 0, 0, 69, 0, 0, 221, 0, 0, 81, 0, 0, 221, 0, 2, 18, 2 Z
Y  0, 237, 0, 0, 136, 0, 0, 232, 0, 0, 40, 0, 0, 233, 0, 0, 174, 0, 0, 168, 0, 0, 238, 0, 0, 136, 0, 0, 142, 0, 0, 238, 0, 0, 34, 0, 0, 238, 0, 0, 168, 0, 0, 238, 0, 0, 0, 0 Z
Y  0, 118, 0, 0, 68, 0, 0, 116, 0, 0, 20, 0, 0, 116, 0, 0, 87, 0, 0, 84, 0, 0, 119, 0, 0, 68, 0, 0, 71, 0, 0, 119, 0, 0, 17, 0, 0, 119, 0, 0, 84, 0, 0, 119, 0, 0, 0, 2 Z
Y  0, 187, 0, 0, 34, 0, 0, 186, 0, 0, 10, 0, 0, 186, 0, 0, 171, 0, 0, 170, 0, 0, 187, 0, 0, 34, 0, 0, 163, 0, 0, 187, 0, 0, 8, 0, 0, 59, 0, 0, 42, 0, 0, 59, 0, 0, 0, 2 Z
Y  0, 221, 0, 0, 17, 0, 0, 221, 0, 0, 5, 0, 0, 221, 0, 0, 213, 0, 0, 85, 0, 0, 221, 0, 0, 17, 0, 0, 209, 0, 0, 221, 0, 0, 4, 0, 0, 29, 0, 0, 21, 0, 0, 29, 0, 2, 18, 18 Z
Y  0, 238, 0, 0, 136, 0, 0, 238, 0, 0, 130, 0, 0, 238, 0, 0, 234, 0, 0, 42, 0, 0, 238, 0, 0, 136, 0, 0, 232, 0, 0, 238, 0, 0, 130, 0, 0, 142, 0, 0, 138, 0, 0, 142, 0, 0, 0, 0 Z
Y  0, 119, 0, 0, 68, 0, 0, 119, 0, 0, 65, 0, 0, 119, 0, 0, 117, 0, 0, 21, 0, 0, 119, 0, 0, 68, 0, 0, 116, 0, 0, 119, 0, 0, 65, 0, 0, 71, 0, 0, 69, 0, 0, 71, 0, 2, 18, 18 Z
Y  0, 187, 0, 0, 162, 0, 0, 187, 0, 0, 32, 0, 0, 59, 0, 0, 186, 0, 0, 138, 0, 0, 187, 0, 0, 162, 0, 0, 186, 0, 0, 187, 0, 0, 160, 0, 0, 163, 0, 0, 162, 0, 0, 163, 0, 2, 2, 2 Z
Y  0, 93, 0, 0, 81, 0, 0, 221, 0, 0, 16, 0, 0, 29, 0, 0, 221, 0, 0, 69, 0, 0, 221, 0, 0, 81, 0, 0, 221, 0, 0, 221, 0, 0, 80, 0, 0, 209, 0, 0, 81, 0, 0, 209, 0, 2, 18, 18 Z
Y  0, 174, 0, 0, 168, 0, 0, 238, 0, 0, 136, 0, 0, 142, 0, 0, 238, 0, 0, 34, 0, 0, 238, 0, 0, 168, 0, 0, 238, 0, 0, 238, 0, 0, 168, 0, 0, 232, 0, 0, 168, 0, 0, 232, 0, 0, 0, 0 Z
Y  0, 87, 0, 0, 84, 0, 0, 119, 0, 0, 68, 0, 0, 71, 0, 0, 119, 0, 0, 17, 0, 0, 119, 0, 0, 84, 0, 0, 119, 0, 0, 119, 0, 0, 84, 0, 0, 116, 0, 0, 84, 0, 0, 116, 0, 2, 2, 18 Z
Y  0, 171, 0, 0, 170, 0, 0, 187, 0, 0, 34, 0, 0, 163, 0, 0, 187, 0, 0, 8, 0, 0, 59, 0, 0, 42, 0, 0, 59, 0, 0, 187, 0, 0, 170, 0, 0, 186, 0, 0, 42, 0, 0, 186, 0, 2, 2, 2 Z
Y  0, 213, 0, 0, 85, 0, 0, 221, 0, 0, 17, 0, 0, 209, 0, 0, 221, 0, 0, 4, 0, 0, 29, 0, 0, 21, 0, 0, 29, 0, 0, 221, 0, 0, 85, 0, 0, 221, 0, 0, 21, 0, 0, 221, 0, 2, 18, 18 Z
Y  0, 234, 0, 0, 42, 0, 0, 238, 0, 0, 136, 0, 0, 232, 0, 0, 238, 0, 0, 130, 0, 0, 142, 0, 0, 138, 0, 0, 142, 0, 0, 238, 0, 0, 170, 0, 0, 238, 0, 0, 138, 0, 0, 238, 0, 0, 0, 0 Z
Y  0, 117, 0, 0, 21, 0, 0, 119, 0, 0, 68, 0, 0, 116, 0, 0, 119, 0, 0, 65, 0, 0, 71, 0, 0, 69, 0, 0, 71, 0, 0, 119, 0, 0, 85, 0, 0, 119, 0, 0, 69, 0, 0, 119, 0, 2, 18, 16 Z
Y  0, 186, 0, 0, 138, 0, 0, 187, 0, 0, 162, 0, 0, 186, 0, 0, 187, 0, 0, 160, 0, 0, 163, 0, 0, 162, 0, 0, 163, 0, 0, 59, 0, 0, 170, 0, 0, 187, 0, 0, 162, 0, 0, 187, 0, 2, 0, 2 Z
Y  0, 221, 0, 0, 69, 0, 0, 221, 0, 0, 81, 0, 0, 221, 0, 0, 221, 0, 0, 80, 0, 0, 209, 0, 0, 81, 0, 0, 209, 0, 0, 157, 0, 0, 85, 0, 0, 93, 0, 0, 81, 0, 0, 221, 0, 0, 18, 18 Z
Y  0, 238, 0, 0, 34, 0, 0, 238, 0, 0, 168, 0, 0, 238, 0, 0, 238, 0, 0, 168, 0, 0, 232, 0, 0, 168, 0, 0, 232, 0, 0, 206, 0, 0, 170, 0, 0, 174, 0, 0, 168, 0, 0, 110, 0, 0, 0, 0 Z
Y  0, 119, 0, 0, 17, 0, 0, 119, 0, 0, 84, 0, 0, 119, 0, 0, 119, 0, 0, 84, 0, 0, 116, 0, 0, 84, 0, 0, 116, 0, 0, 103, 0, 0, 85, 0, 0, 87, 0, 0, 84, 0, 0, 55, 0, 2, 0, 2 Z
Y  0, 187, 0, 0, 8, 0, 0, 59, 0, 0, 42, 0, 0, 59, 0, 0, 187, 0, 0, 170, 0, 0, 186, 0, 0, 42, 0, 0, 186, 0, 0, 179, 0, 0, 42, 0, 0, 43, 0, 0, 42, 0, 0, 155, 0, 0, 18, 16 Z
Y  0, 221, 0, 0, 4, 0, 0, 29, 0, 0, 21, 0, 0, 29, 0, 0, 221, 0, 0, 85, 0, 0, 221, 0, 0, 21, 0, 0, 221, 0, 0, 89, 0, 0, 149, 0, 0, 149, 0, 0, 149, 0, 0, 77, 0, 0, 0, 0 Z
Y  0, 238, 0, 0, 130, 0, 0, 142, 0, 0, 138, 0, 0, 142, 0, 0, 238, 0, 0, 170, 0, 0, 238, 0, 0, 138, 0, 0, 238, 0, 0, 44, 0, 0, 74, 0, 0, 74, 0, 0, 74, 0, 0, 38, 0, 2, 16, 0 Z
Y  0, 119, 0, 0, 65, 0, 0, 71, 0, 0, 69, 0, 0, 71, 0, 0, 119, 0, 0, 85, 0, 0, 119, 0, 0, 69, 0, 0, 119, 0, 0, 22, 0, 0, 37, 0, 0, 37, 0, 0, 165, 0, 0, 147, 0, 0, 0, 0 Z
Y  0, 187, 0, 0, 160, 0, 0, 163, 0, 0, 162, 0, 0, 163, 0, 0, 59, 0, 0, 170, 0, 0, 187, 0, 0, 162, 0, 0, 187, 0, 0, 11, 0, 0, 18, 0, 0, 18, 0, 0, 82, 0, 0, 73, 0, 0, 2, 0 Z
Y  0, 221, 0, 0, 80, 0, 0, 209, 0, 0, 81, 0, 0, 209, 0, 0, 157, 0, 0, 85, 0, 0, 93, 0, 0, 81, 0, 0, 221, 0, 0, 5, 0, 0, 9, 0, 0, 137, 0, 0, 41, 0, 0, 36, 0, 0, 16, 16 Z
Y  0, 238, 0, 0, 168, 0, 0, 232, 0, 0, 168, 0, 0, 232, 0, 0, 206, 0, 0, 170, 0, 0, 174, 0, 0, 168, 0, 0, 110, 0, 0, 2, 0, 0, 132, 0, 0, 68, 0, 0, 148, 0, 0, 18, 0, 2, 0, 2 Z
Y  0, 119, 0, 0, 84, 0, 0, 116, 0, 0, 84, 0, 0, 116, 0, 0, 103, 0, 0, 85, 0, 0, 87, 0, 0, 84, 0, 0, 55, 0, 0, 129, 0, 0, 66, 0, 0, 34, 0, 0, 74, 0, 0, 137, 0, 0, 0, 0 Z
Y  0, 187, 0, 0, 170, 0, 0, 186, 0, 0, 42, 0, 0, 186, 0, 0, 179, 0, 0, 42, 0, 0, 43, 0, 0, 42, 0, 0, 155, 0, 0, 64, 0, 0, 33, 0, 0, 17, 0, 0, 37, 0, 0, 68, 0, 0, 2, 0 Z
Y  0, 221, 0, 0, 85, 0, 0, 221, 0, 0, 21, 0, 0, 221, 0, 0, 89, 0, 0, 149, 0, 0, 149, 0, 0, 149, 0, 0, 77, 0, 0, 32, 0, 0, 16, 0, 0, 136, 0, 0, 18, 0, 0, 34, 0, 0, 18, 16 Z
Y  0, 238, 0, 0, 170, 0, 0, 238, 0, 0, 138, 0, 0, 238, 0, 0, 44, 0, 0, 74, 0, 0, 74, 0, 0, 74, 0, 0, 38, 0, 0, 16, 0, 0, 136, 0, 0, 196, 0, 0, 137, 0, 0, 17, 0, 0, 2, 0 Z
Y  0, 119, 0, 0, 85, 0, 0, 119, 0, 0, 69, 0, 0, 119, 0, 0, 22, 0, 0, 37, 0, 0, 37, 0, 0, 165, 0, 0, 147, 0, 0, 8, 0, 0, 68, 0, 0, 226, 0, 0, 68, 0, 0, 8, 0, 0, 0, 0 Z
Y  0, 59, 0, 0, 170, 0, 0, 187, 0, 0, 162, 0, 0, 187, 0, 0, 11, 0, 0, 18, 0, 0, 18, 0, 0, 82, 0, 0, 73, 0, 0, 4, 0, 0, 34, 0, 0, 113, 0, 0, 34, 0, 0, 4, 0, 0, 2, 0 Z
Y  0, 157, 0, 0, 85, 0, 0, 93, 0, 0, 81, 0, 0, 221, 0, 0, 5, 0, 0, 9, 0, 0, 137, 0, 0, 41, 0, 0, 36, 0, 0, 2, 0, 0, 17, 0, 0, 184, 0, 0, 17, 0, 0, 2, 0, 0, 2, 0 Z
Y  0, 206, 0, 0, 170, 0, 0, 174, 0, 0, 168, 0, 0, 110, 0, 0, 2, 0, 0, 132, 0, 0, 68, 0, 0, 148, 0, 0, 18, 0, 0, 1, 0, 0, 8, 0, 0, 220, 0, 0, 8, 0, 0, 1, 0, 0, 2, 0 Z
Y  0, 103, 0, 0, 85, 0, 0, 87, 0, 0, 84, 0, 0, 55, 0, 0, 129, 0, 0, 66, 0, 0, 34, 0, 0, 74, 0, 0, 137, 0, 0, 0, 0, 0, 4, 0, 0, 238, 0, 0, 4, 0, 0, 0, 0, 0, 0, 0 Z
Y  0, 179, 0, 0, 42, 0, 0, 43, 0, 0, 42, 0, 0, 155, 0, 0, 64, 0, 0, 33, 0, 0, 17, 0, 0, 37, 0, 0, 68, 0, 0, 0, 0, 0, 2, 0, 0, 119, 0, 0, 2, 0, 0, 0, 0, 2, 0, 0 Z
Y  0, 89, 0, 0, 149, 0, 0, 149, 0, 0, 149, 0, 0, 77, 0, 0, 32, 0, 0, 16, 0, 0, 136, 0, 0, 18, 0, 0, 34, 0, 0, 0, 0, 0, 1, 0, 0, 59, 0, 0, 1, 0, 0, 128, 0, 0, 18, 16 Z
Y  0, 44, 0, 0, 74, 0, 0, 74, 0, 0, 74, 0, 0, 38, 0, 0, 16, 0, 0, 136, 0, 0, 196, 0, 0, 137, 0, 0, 17, 0, 0, 0, 0, 0, 128, 0, 0, 157, 0, 0, 128, 0, 0, 64, 0, 0, 0, 2 Z
Y  0, 22, 0, 0, 37, 0, 0, 37, 0, 0, 165, 0, 0, 147, 0, 0, 8, 0, 0, 68, 0, 0, 226, 0, 0, 68, 0, 0, 8, 0, 0, 128, 0, 0, 64, 0, 0, 78, 0, 0, 64, 0, 0, 32, 0, 0, 0, 0 Z
Y  0, 11, 0, 0, 18, 0, 0, 18, 0, 0, 82, 0, 0, 73, 0, 0, 4, 0, 0, 34, 0, 0, 113, 0, 0, 34, 0, 0, 4, 0, 0, 64, 0, 0, 32, 0, 0, 39, 0, 0, 32, 0, 0, 16, 0, 0, 16, 16 Z
Y  0, 5, 0, 0, 9, 0, 0, 137, 0, 0, 41, 0, 0, 36, 0, 0, 2, 0, 0, 17, 0, 0, 184, 0, 0, 17, 0, 0, 2, 0, 0, 32, 0, 0, 144, 0, 0, 19, 0, 0, 144, 0, 0, 8, 0, 0, 2, 0 Z
Y  0, 2, 0, 0, 132, 0, 0, 68, 0, 0, 148, 0, 0, 18, 0, 0, 1, 0, 0, 8, 0, 0, 220, 0, 0, 8, 0, 0, 1, 0, 0, 16, 0, 0, 72, 0, 0, 137, 0, 0, 72, 0, 0, 4, 0, 0, 16, 16 Z
Y  0, 129, 0, 0, 66, 0, 0, 34, 0, 0, 74, 0, 0, 137, 0, 0, 0, 0, 0, 4, 0, 0, 238, 0, 0, 4, 0, 0, 0, 0, 0, 8, 0, 0, 164, 0, 0, 68, 0, 0, 164, 0, 0, 2, 0, 0, 0, 0 Z
Y  0, 64, 0, 0, 33, 0, 0, 17, 0, 0, 37, 0, 0, 68, 0, 0, 0, 0, 0, 2, 0, 0, 119, 0, 0, 2, 0, 0, 0, 0, 0, 4, 0, 0, 82, 0, 0, 34, 0, 0, 82, 0, 0, 1, 0, 2, 0, 2 Z
Y  0, 32, 0, 0, 16, 0, 0, 136, 0, 0, 18, 0, 0, 34, 0, 0, 0, 0, 0, 1, 0, 0, 59, 0, 0, 1, 0, 0, 128, 0, 0, 130, 0, 0, 41, 0, 0, 17, 0, 0, 41, 0, 0, 128, 0, 0, 16, 16 Z
Y  0, 16, 0, 0, 136, 0, 0, 196, 0, 0, 137, 0, 0, 17, 0, 0, 0, 0, 0, 128, 0, 0, 157, 0, 0, 128, 0, 0, 64, 0, 0, 65, 0, 0, 148, 0, 0, 8, 0, 0, 148, 0, 0, 64, 0, 0, 2, 0 Z
Y  0, 8, 0, 0, 68, 0, 0, 226, 0, 0, 68, 0, 0, 8, 0, 0, 128, 0, 0, 64, 0, 0, 78, 0, 0, 64, 0, 0, 32, 0, 0, 32, 0, 0, 74, 0, 0, 132, 0, 0, 74, 0, 0, 32, 0, 0, 0, 0 Z
Y  0, 4, 0, 0, 34, 0, 0, 113, 0, 0, 34, 0, 0, 4, 0, 0, 64, 0, 0, 32, 0, 0, 39, 0, 0, 32, 0, 0, 16, 0, 0, 16, 0, 0, 37, 0, 0, 66, 0, 0, 37, 0, 0, 16, 0, 2, 0, 0 Z
Y  0, 2, 0, 0, 17, 0, 0, 184, 0, 0, 17, 0, 0, 2, 0, 0, 32, 0, 0, 144, 0, 0, 19, 0, 0, 144, 0, 0, 8, 0, 0, 8, 0, 0, 18, 0, 0, 33, 0, 0, 18, 0, 0, 136, 0, 0, 0, 0 Z
Y  0, 1, 0, 0, 8, 0, 0, 220, 0, 0, 8, 0, 0, 1, 0, 0, 16, 0, 0, 72, 0, 0, 137, 0, 0, 72, 0, 0, 4, 0, 0, 4, 0, 0, 9, 0, 0, 16, 0, 0, 9, 0, 0, 68, 0, 0, 0, 0 Z
Y  0, 0, 0, 0, 4, 0, 0, 238, 0, 0, 4, 0, 0, 0, 0, 0, 8, 0, 0, 164, 0, 0, 68, 0, 0, 164, 0, 0, 2, 0, 0, 2, 0, 0, 4, 0, 0, 8, 0, 0, 4, 0, 0, 34, 0, 0, 0, 0 Z
Y  0, 0, 0, 0, 2, 0, 0, 119, 0, 0, 2, 0, 0, 0, 0, 0, 4, 0, 0, 82, 0, 0, 34, 0, 0, 82, 0, 0, 1, 0, 0, 1, 0, 0, 2, 0, 0, 4, 0, 0, 2, 0, 0, 17, 0, 0, 4, 0 Z
Y  0, 0, 0, 0, 1, 0, 0, 59, 0, 0, 1, 0, 0, 128, 0, 0, 130, 0, 0, 41, 0, 0, 17, 0, 0, 41, 0, 0, 128, 0, 0, 0, 0, 0, 1, 0, 128, 2, 0, 0, 1, 0, 0, 8, 0, 0, 36, 32 Z
Y  0, 0, 0, 0, 128, 0, 0, 157, 0, 0, 128, 0, 0, 64, 0, 0, 65, 0, 0, 148, 0, 0, 8, 0, 0, 148, 0, 0, 64, 0, 0, 0, 0, 128, 0, 0, 192, 1, 0, 128, 0, 0, 0, 4, 0, 4, 36, 36 Z
Y  0, 128, 0, 0, 64, 0, 0, 78, 0, 0, 64, 0, 0, 32, 0, 0, 32, 0, 0, 74, 0, 0, 132, 0, 0, 74, 0, 0, 32, 0, 128, 0, 0, 192, 0, 0, 224, 0, 0, 192, 0, 0, 128, 2, 0, 0, 36, 32 Z
Y  0, 64, 0, 0, 32, 0, 0, 39, 0, 0, 32, 0, 0, 16, 0, 0, 16, 0, 0, 37, 0, 0, 66, 0, 0, 37, 0, 0, 16, 0, 64, 0, 0, 224, 0, 0, 240, 0, 0, 224, 0, 0, 64, 1, 0, 0, 4, 0 Z
Y  0, 32, 0, 0, 144, 0, 0, 19, 0, 0, 144, 0, 0, 8, 0, 0, 8, 0, 0, 18, 0, 0, 33, 0, 0, 18, 0, 0, 136, 0, 32, 0, 0, 112, 0, 0, 248, 0, 0, 112, 0, 0, 32, 0, 0, 0, 0, 0 Z
Y  0, 16, 0, 0, 72, 0, 0, 137, 0, 0, 72, 0, 0, 4, 0, 0, 4, 0, 0, 9, 0, 0, 16, 0, 0, 9, 0, 0, 68, 0, 16, 0, 0, 56, 0, 0, 124, 0, 0, 56, 0, 0, 16, 0, 0, 0, 0, 0 Z
Y  0, 8, 0, 0, 164, 0, 0, 68, 0, 0, 164, 0, 0, 2, 0, 0, 2, 0, 0, 4, 0, 0, 8, 0, 0, 4, 0, 0, 34, 0, 8, 0, 0, 28, 0, 0, 62, 0, 0, 28, 0, 0, 8, 0, 0, 0, 0, 0 Z
Y  0, 4, 0, 0, 82, 0, 0, 34, 0, 0, 82, 0, 0, 1, 0, 0, 1, 0, 0, 2, 0, 0, 4, 0, 0, 2, 0, 0, 17, 0, 4, 0, 0, 14, 0, 0, 31, 0, 0, 14, 0, 0, 4, 0, 0, 3, 27, 27 Z
Y  0, 130, 0, 0, 41, 0, 0, 17, 0, 0, 41, 0, 0, 128, 0, 0, 0, 0, 0, 1, 0, 128, 2, 0, 0, 1, 0, 0, 8, 0, 2, 128, 128, 7, 128, 128, 15, 128, 128, 7, 128, 128, 2, 128, 128, 0, 3, 3 Z
Y  0, 65, 0, 0, 148, 0, 0, 8, 0, 0, 148, 0, 0, 64, 0, 0, 0, 0, 128, 0, 0, 192, 1, 0, 128, 0, 0, 0, 4, 0, 1, 192, 192, 3, 64, 64, 7, 192, 192, 3, 64, 64, 1, 64, 64, 3, 27, 27 Z
Y  0, 32, 0, 0, 74, 0, 0, 132, 0, 0, 74, 0, 0, 32, 0, 128, 0, 0, 192, 0, 0, 224, 0, 0, 192, 0, 0, 128, 2, 0, 0, 224, 224, 1, 160, 160, 3, 224, 224, 1, 160, 160, 0, 160, 160, 0, 0, 0 Z
Y  0, 16, 0, 0, 37, 0, 0, 66, 0, 0, 37, 0, 0, 16, 0, 64, 0, 0, 224, 0, 0, 240, 0, 0, 224, 0, 0, 64, 1, 0, 0, 112, 112, 0, 80, 80, 1, 112, 112, 0, 80, 80, 0, 80, 80, 3, 27, 27 Z
Y  0, 8, 0, 0, 18, 0, 0, 33, 0, 0, 18, 0, 0, 136, 0, 32, 0, 0, 112, 0, 0, 248, 0, 0, 112, 0, 0, 32, 0, 0, 0, 184, 184, 0, 168, 168, 0, 184, 184, 0, 168, 168, 0, 168, 168, 3, 3, 3 Z
Y  0, 4, 0, 0, 9, 0, 0, 16, 0, 0, 9, 0, 0, 68, 0, 16, 0, 0, 56, 0, 0, 124, 0, 0, 56, 0, 0, 16, 0, 0, 0, 220, 220, 0, 84, 84, 0, 220, 220, 0, 84, 84, 0, 212, 212, 3, 24, 27 Z
Y  0, 2, 0, 0, 4, 0, 0, 8, 0, 0, 4, 0, 0, 34, 0, 8, 0, 0, 28, 0, 0, 62, 0, 0, 28, 0, 0, 8, 0, 0, 0, 238, 238, 0, 170, 170, 0, 110, 110, 0, 170, 170, 0, 234, 234, 0, 0, 0 Z
Y  0, 1, 0, 0, 2, 0, 0, 4, 0, 0, 2, 0, 0, 17, 0, 4, 0, 0, 14, 0, 0, 31, 0, 0, 14, 0, 0, 4, 0, 0, 0, 119, 119, 0, 85, 85, 0, 55, 55, 0, 85, 85, 0, 117, 117, 3, 27, 27 Z
Y  0, 0, 0, 0, 1, 0, 128, 2, 0, 0, 1, 0, 0, 8, 0, 2, 128, 128, 7, 128, 128, 15, 128, 128, 7, 128, 128, 2, 128, 128, 0, 187, 187, 0, 170, 170, 0, 155, 155, 0, 170, 170, 0, 186, 186, 3, 0, 3 Z
Y  0, 0, 0, 128, 0, 0, 192, 1, 0, 128, 0, 0, 0, 4, 0, 1, 192, 192, 3, 64, 64, 7, 192, 192, 3, 64, 64, 1, 64, 64, 0, 221, 221, 0, 85, 85, 0, 77, 77, 0, 85, 85, 0, 221, 221, 3, 0, 3 Z
Y  128, 0, 0, 192, 0, 0, 224, 0, 0, 192, 0, 0, 128, 2, 0, 0, 224, 224, 1, 160, 160, 3, 224, 224, 1, 160, 160, 0, 160, 160, 0, 238, 238, 0, 42, 42, 0, 38, 38, 0, 42, 42, 0, 238, 238, 0, 0, 0 Z
Y  64, 0, 0, 224, 0, 0, 240, 0, 0, 224, 0, 0, 64, 1, 0, 0, 112, 112, 0, 80, 80, 1, 112, 112, 0, 80, 80, 0, 80, 80, 0, 119, 119, 0, 21, 21, 0, 19, 19, 0, 21, 21, 0, 119, 119, 3, 27, 27 Z
Y  32, 0, 0, 112, 0, 0, 248, 0, 0, 112, 0, 0, 32, 0, 0, 0, 184, 184, 0, 168, 168, 0, 184, 184, 0, 168, 168, 0, 168, 168, 0, 187, 187, 0, 138, 138, 0, 137, 137, 0, 138, 138, 0, 187, 187, 3, 0, 3 Z
Y  16, 0, 0, 56, 0, 0, 124, 0, 0, 56, 0, 0, 16, 0, 0, 0, 220, 220, 0, 84, 84, 0, 220, 220, 0, 84, 84, 0, 212, 212, 0, 221, 221, 0, 69, 69, 0, 68, 68, 0, 69, 69, 0, 221, 221, 0, 27, 24 Z
Y  8, 0, 0, 28, 0, 0, 62, 0, 0, 28, 0, 0, 8, 0, 0, 0, 238, 238, 0, 170, 170, 0, 110, 110, 0, 170, 170, 0, 234, 234, 0, 110, 110, 0, 162, 162, 0, 162, 162, 0, 162, 162, 0, 110, 110, 0, 0, 0 Z
Y  4, 0, 0, 14, 0, 0, 31, 0, 0, 14, 0, 0, 4, 0, 0, 0, 119, 119, 0, 85, 85, 0, 55, 55, 0, 85, 85, 0, 117, 117, 0, 55, 55, 0, 81, 81, 0, 81, 81, 0, 81, 81, 0, 55, 55, 3, 27, 27 Z
Y  2, 128, 128, 7, 128, 128, 15, 128, 128, 7, 128, 128, 2, 128, 128, 0, 187, 187, 0, 170, 170, 0, 155, 155, 0, 170, 170, 0, 186, 186, 0, 155, 155, 0, 168, 168, 0, 168, 168, 0, 168, 168, 0, 155, 155, 3, 3, 3 Z
Y  1, 192, 192, 3, 64, 64, 7, 192, 192, 3, 64, 64, 1, 64, 64, 0, 221, 221, 0, 85, 85, 0, 77, 77, 0, 85, 85, 0, 221, 221, 0, 205, 205, 0, 84, 84, 0, 212, 212, 0, 84, 84, 0, 205, 205, 3, 3, 3 Z
Y  0, 224, 224, 1, 160, 160, 3, 224, 224, 1, 160, 160, 0, 160, 160, 0, 238, 238, 0, 42, 42, 0, 38, 38, 0, 42, 42, 0, 238, 238, 0, 230, 230, 0, 42, 42, 0, 234, 234, 0, 42, 42, 0, 230, 230, 0, 0, 0 Z
Y  0, 112, 112, 0, 80, 80, 1, 112, 112, 0, 80, 80, 0, 80, 80, 0, 119, 119, 0, 21, 21, 0, 19, 19, 0, 21, 21, 0, 119, 119, 0, 115, 115, 0, 21, 21, 0, 117, 117, 0, 21, 21, 0, 115, 115, 3, 27, 27 Z
Y  0, 184, 184, 0, 168, 168, 0, 184, 184, 0, 168, 168, 0, 168, 168, 0, 187, 187, 0, 138, 138, 0, 137, 137, 0, 138, 138, 0, 187, 187, 0, 185, 185, 0, 138, 138, 0, 186, 186, 0, 138, 138, 0, 185, 185, 0, 3, 3 Z
Y  0, 220, 220, 0, 84, 84, 0, 220, 220, 0, 84, 84, 0, 212, 212, 0, 221, 221, 0, 69, 69, 0, 68, 68, 0, 69, 69, 0, 221, 221, 0, 220, 220, 0, 69, 69, 0, 221, 221, 0, 69, 69, 0, 92, 92, 0, 3, 3 Z
Y  0, 238, 238, 0, 170, 170, 0, 110, 110, 0, 170, 170, 0, 234, 234, 0, 110, 110, 0, 162, 162, 0, 162, 162, 0, 162, 162, 0, 110, 110, 0, 238, 238, 0, 34, 34, 0, 238, 238, 0, 34, 34, 0, 46, 46, 0, 0, 0 Z
Y  0, 119, 119, 0, 85, 85, 0, 55, 55, 0, 85, 85, 0, 117, 117, 0, 55, 55, 0, 81, 81, 0, 81, 81, 0, 81, 81, 0, 55, 55, 0, 119, 119, 0, 17, 17, 0, 119, 119, 0, 17, 17, 0, 23, 23, 3, 27, 27 Z
Y  0, 187, 187, 0, 170, 170, 0, 155, 155, 0, 170, 170, 0, 186, 186, 0, 155, 155, 0, 168, 168, 0, 168, 168, 0, 168, 168, 0, 155, 155, 0, 187, 187, 0, 136, 136, 0, 187, 187, 0, 136, 136, 0, 139, 139, 3, 0, 3 Z
Y  0, 221, 221, 0, 85, 85, 0, 77, 77, 0, 85, 85, 0, 221, 221, 0, 205, 205, 0, 84, 84, 0, 212, 212, 0, 84, 84, 0, 205, 205, 0, 221, 221, 0, 68, 68, 0, 93, 93, 0, 68, 68, 0, 197, 197, 3, 27, 3 Z
Y  0, 238, 238, 0, 42, 42, 0, 38, 38, 0, 42, 42, 0, 238, 238, 0, 230, 230, 0, 42, 42, 0, 234, 234, 0, 42, 42, 0, 230, 230, 0, 238, 238, 0, 34, 34, 0, 174, 174, 0, 162, 162, 0, 226, 226, 0, 0, 0 Z
Y  0, 119, 119, 0, 21, 21, 0, 19, 19, 0, 21, 21, 0, 119, 119, 0, 115, 115, 0, 21, 21, 0, 117, 117, 0, 21, 21, 0, 115, 115, 0, 119, 119, 0, 17, 17, 0, 87, 87, 0, 81, 81, 0, 113, 113, 3, 27, 27 Z
Y  0, 187, 187, 0, 138, 138, 0, 137, 137, 0, 138, 138, 0, 187, 187, 0, 185, 185, 0, 138, 138, 0, 186, 186, 0, 138, 138, 0, 185, 185, 0, 187, 187, 0, 136, 136, 0, 171, 171, 0, 168, 168, 0, 184, 184, 0, 3, 0 Z
Y  0, 221, 221, 0, 69, 69, 0, 68, 68, 0, 69, 69, 0, 221, 221, 0, 220, 220, 0, 69, 69, 0, 221, 221, 0, 69, 69, 0, 92, 92, 0, 93, 93, 0, 68, 68, 0, 213, 213, 0, 84, 84, 0, 92, 92, 3, 27, 27 Z
Y  0, 110, 110, 0, 162, 162, 0, 162, 162, 0, 162, 162, 0, 110, 110, 0, 238, 238, 0, 34, 34, 0, 238, 238, 0, 34, 34, 0, 46, 46, 0, 174, 174, 0, 162, 162, 0, 234, 234, 0, 170, 170, 0, 174, 174, 0, 0, 0 Z
Y  0, 55, 55, 0, 81, 81, 0, 81, 81, 0, 81, 81, 0, 55, 55, 0, 119, 119, 0, 17, 17, 0, 119, 119, 0, 17, 17, 0, 23, 23, 0, 87, 87, 0, 81, 81, 0, 117, 117, 0, 85, 85, 0, 87, 87, 3, 0, 3 Z
Y  0, 155, 155, 0, 168, 168, 0, 168, 168, 0, 168, 168, 0, 155, 155, 0, 187, 187, 0, 136, 136, 0, 187, 187, 0, 136, 136, 0, 139, 139, 0, 171, 171, 0, 40, 40, 0, 58, 58, 0, 42, 42, 0, 171, 171, 3, 27, 27 Z
Y  0, 205, 205, 0, 84, 84, 0, 212, 212, 0, 84, 84, 0, 205, 205, 0, 221, 221, 0, 68, 68, 0, 93, 93, 0, 68, 68, 0, 197, 197, 0, 213, 213, 0, 148, 148, 0, 157, 157, 0, 149, 149, 0, 213, 213, 3, 0, 3 Z
Y  0, 230, 230, 0, 42, 42, 0, 234, 234, 0, 42, 42, 0, 230, 230, 0, 238, 238, 0, 34, 34, 0, 174, 174, 0, 162, 162, 0, 226, 226, 0, 234, 234, 0, 74, 74, 0, 78, 78, 0, 74, 74, 0, 234, 234, 0, 0, 0 Z
Y  0, 115, 115, 0, 21, 21, 0, 117, 117, 0, 21, 21, 0, 115, 115, 0, 119, 119, 0, 17, 17, 0, 87, 87, 0, 81, 81, 0, 113, 113, 0, 117, 117, 0, 37, 37, 0, 39, 39, 0, 37, 37, 0, 117, 117, 3, 24, 3 Z
Y  0, 185, 185, 0, 138, 138, 0, 186, 186, 0, 138, 138, 0, 185, 185, 0, 187, 187, 0, 136, 136, 0, 171, 171, 0, 168, 168, 0, 184, 184, 0, 186, 186, 0, 18, 18, 0, 19, 19, 0, 146, 146, 0, 186, 186, 3, 0, 3 Z
Y  0, 220, 220, 0, 69, 69, 0, 221, 221, 0, 69, 69, 0, 92, 92, 0, 93, 93, 0, 68, 68, 0, 213, 213, 0, 84, 84, 0, 92, 92, 0, 221, 221, 0, 9, 9, 0, 9, 9, 0, 73, 73, 0, 221, 221, 3, 27, 27 Z
Y  0, 238, 238, 0, 34, 34, 0, 238, 238, 0, 34, 34, 0, 46, 46, 0, 174, 174, 0, 162, 162, 0, 234, 234, 0, 170, 170, 0, 174, 174, 0, 238, 238, 0, 132, 132, 0, 132, 132, 0, 164, 164, 0, 238, 238, 0, 0, 0 Z
Y  0, 119, 119, 0, 17, 17, 0, 119, 119, 0, 17, 17, 0, 23, 23, 0, 87, 87, 0, 81, 81, 0, 117, 117, 0, 85, 85, 0, 87, 87, 0, 119, 119, 0, 66, 66, 0, 66, 66, 0, 82, 82, 0, 119, 119, 3, 27, 27 Z
Y  0, 187, 187, 0, 136, 136, 0, 187, 187, 0, 136, 136, 0, 139, 139, 0, 171, 171, 0, 40, 40, 0, 58, 58, 0, 42, 42, 0, 171, 171, 0, 187, 187, 0, 161, 161, 0, 161, 161, 0, 169, 169, 0, 187, 187, 0, 3, 0 Z
Y  0, 221, 221, 0, 68, 68, 0, 93, 93, 0, 68, 68, 0, 197, 197, 0, 213, 213, 0, 148, 148, 0, 157, 157, 0, 149, 149, 0, 213, 213, 0, 93, 93, 0, 80, 80, 0, 208, 208, 0, 84, 84, 0, 93, 93, 3, 24, 27 Z
Y  0, 238, 238, 0, 34, 34, 0, 174, 174, 0, 162, 162, 0, 226, 226, 0, 234, 234, 0, 74, 74, 0, 78, 78, 0, 74, 74, 0, 234, 234, 0, 174, 174, 0, 168, 168, 0, 104, 104, 0, 170, 170, 0, 174, 174, 0, 0, 0 Z
Y  0, 119, 119, 0, 17, 17, 0, 87, 87, 0, 81, 81, 0, 113, 113, 0, 117, 117, 0, 37, 37, 0, 39, 39, 0, 37, 37, 0, 117, 117, 0, 87, 87, 0, 84, 84, 0, 52, 52, 0, 85, 85, 0, 87, 87, 3, 27, 27 Z
Y  0, 187, 187, 0, 136, 136, 0, 171, 171, 0, 168, 168, 0, 184, 184, 0, 186, 186, 0, 18, 18, 0, 19, 19, 0, 146, 146, 0, 186, 186, 0, 171, 171, 0, 170, 170, 0, 154, 154, 0, 170, 170, 0, 171, 171, 3, 0, 0 Z
Y  0, 93, 93, 0, 68, 68, 0, 213, 213, 0, 84, 84, 0, 92, 92, 0, 221, 221, 0, 9, 9, 0, 9, 9, 0, 73, 73, 0, 221, 221, 0, 85, 85, 0, 85, 85, 0, 77, 77, 0, 85, 85, 0, 213, 213, 3, 0, 0 Z
Y  0, 174, 174, 0, 162, 162, 0, 234, 234, 0, 170, 170, 0, 174, 174, 0, 238, 238, 0, 132, 132, 0, 132, 132, 0, 164, 164, 0, 238, 238, 0, 42, 42, 0, 42, 42, 0, 38, 38, 0, 42, 42, 0, 234, 234, 0, 0, 0 Z
Y  0, 87, 87, 0, 81, 81, 0, 117, 117, 0, 85, 85, 0, 87, 87, 0, 119, 119, 0, 66, 66, 0, 66, 66, 0, 82, 82, 0, 119, 119, 0, 21, 21, 0, 21, 21, 0, 19, 19, 0, 21, 21, 0, 117, 117, 3, 27, 27 Z
Y  0, 171, 171, 0, 40, 40, 0, 58, 58, 0, 42, 42, 0, 171, 171, 0, 187, 187, 0, 161, 161, 0, 161, 161, 0, 169, 169, 0, 187, 187, 0, 138, 138, 0, 138, 138, 0, 137, 137, 0, 138, 138, 0, 186, 186, 0, 3, 24 Z
Y  0, 213, 213, 0, 148, 148, 0, 157, 157, 0, 149, 149, 0, 213, 213, 0, 93, 93, 0, 80, 80, 0, 208, 208, 0, 84, 84, 0, 93, 93, 0, 69, 69, 0, 197, 197, 0, 196, 196, 0, 69, 69, 0, 93, 93, 3, 27, 27 Z
Y  0, 234, 234, 0, 74, 74, 0, 78, 78, 0, 74, 74, 0, 234, 234, 0, 174, 174, 0, 168, 168, 0, 104, 104, 0, 170, 170, 0, 174, 174, 0, 162, 162, 0, 226, 226, 0, 226, 226, 0, 162, 162, 0, 174, 174, 0, 0, 0 Z
Y  0, 117, 117, 0, 37, 37, 0, 39, 39, 0, 37, 37, 0, 117, 117, 0, 87, 87, 0, 84, 84, 0, 52, 52, 0, 85, 85, 0, 87, 87, 0, 81, 81, 0, 113, 113, 0, 113, 113, 0, 81, 81, 0, 87, 87, 3, 27, 27 Z
Y  0, 186, 186, 0, 18, 18, 0, 19, 19, 0, 146, 146, 0, 186, 186, 0, 171, 171, 0, 170, 170, 0, 154, 154, 0, 170, 170, 0, 171, 171, 0, 168, 168, 0, 184, 184, 0, 184, 184, 0, 168, 168, 0, 171, 171, 0, 0, 3 Z
Y  0, 221, 221, 0, 9, 9, 0, 9, 9, 0, 73, 73, 0, 221, 221, 0, 85, 85, 0, 85, 85, 0, 77, 77, 0, 85, 85, 0, 213, 213, 0, 212, 212, 0, 92, 92, 0, 92, 92, 0, 84, 84, 0, 85, 85, 3, 27, 27 Z
Y  0, 238, 238, 0, 132, 132, 0, 132, 132, 0, 164, 164, 0, 238, 238, 0, 42, 42, 0, 42, 42, 0, 38, 38, 0, 42, 42, 0, 234, 234, 0, 234, 234, 0, 174, 174, 0, 174, 174, 0, 170, 170, 0, 170, 170, 0, 0, 0 Z
Y  0, 119, 119, 0, 66, 66, 0, 66, 66, 0, 82, 82, 0, 119, 119, 0, 21, 21, 0, 21, 21, 0, 19, 19, 0, 21, 21, 0, 117, 117, 0, 117, 117, 0, 87, 87, 0, 87, 87, 0, 85, 85, 0, 85, 85, 3, 27, 27 Z
Y  0, 187, 187, 0, 161, 161, 0, 161, 161, 0, 169, 169, 0, 187, 187, 0, 138, 138, 0, 138, 138, 0, 137, 137, 0, 138, 138, 0, 186, 186, 0, 186, 186, 0, 171, 171, 0, 171, 171, 0, 170, 170, 0, 170, 170, 3, 0, 3 Z
Y  0, 93, 93, 0, 80, 80, 0, 208, 208, 0, 84, 84, 0, 93, 93, 0, 69, 69, 0, 197, 197, 0, 196, 196, 0, 69, 69, 0, 93, 93, 0, 221, 221, 0, 85, 85, 0, 85, 85, 0, 85, 85, 0, 213, 213, 3, 27, 27 Z
Y  0, 174, 174, 0, 168, 168, 0, 104, 104, 0, 170, 170, 0, 174, 174, 0, 162, 162, 0, 226, 226, 0, 226, 226, 0, 162, 162, 0, 174, 174, 0, 238, 238, 0, 170, 170, 0, 170, 170, 0, 170, 170, 0, 234, 234, 0, 0, 0 Z
Y  0, 87, 87, 0, 84, 84, 0, 52, 52, 0, 85, 85, 0, 87, 87, 0, 81, 81, 0, 113, 113, 0, 113, 113, 0, 81, 81, 0, 87, 87, 0, 119, 119, 0, 85, 85, 0, 85, 85, 0, 85, 85, 0, 117, 117, 3, 27, 27 Z
Y  0, 171, 171, 0, 170, 170, 0, 154, 154, 0, 170, 170, 0, 171, 171, 0, 168, 168, 0, 184, 184, 0, 184, 184, 0, 168, 168, 0, 171, 171, 0, 187, 187, 0, 170, 170, 0, 170, 170, 0, 170, 170, 0, 186, 186, 0, 3, 3 Z
Y  0, 85, 85, 0, 85, 85, 0, 77, 77, 0, 85, 85, 0, 213, 213, 0, 212, 212, 0, 92, 92, 0, 92, 92, 0, 84, 84, 0, 85, 85, 0, 221, 221, 0, 85, 85, 0, 213, 213, 0, 85, 85, 0, 93, 93, 0, 3, 27 Z
Y  0, 42, 42, 0, 42, 42, 0, 38, 38, 0, 42, 42, 0, 234, 234, 0, 234, 234, 0, 174, 174, 0, 174, 174, 0, 170, 170, 0, 170, 170, 0, 238, 238, 0, 170, 170, 0, 234, 234, 0, 42, 42, 0, 46, 46, 0, 0, 0 Z
Y  0, 21, 21, 0, 21, 21, 0, 19, 19, 0, 21, 21, 0, 117, 117, 0, 117, 117, 0, 87, 87, 0, 87, 87, 0, 85, 85, 0, 85, 85, 0, 119, 119, 0, 85, 85, 0, 117, 117, 0, 21, 21, 0, 23, 23, 0, 3, 27 Z
Y  0, 138, 138, 0, 138, 138, 0, 137, 137, 0, 138, 138, 0, 186, 186, 0, 186, 186, 0, 171, 171, 0, 171, 171, 0, 170, 170, 0, 170, 170, 0, 187, 187, 0, 170, 170, 0, 186, 186, 0, 10, 10, 0, 11, 11, 0, 3, 3 Z
Y  0, 69, 69, 0, 197, 197, 0, 196, 196, 0, 69, 69, 0, 93, 93, 0, 221, 221, 0, 85, 85, 0, 85, 85, 0, 85, 85, 0, 213, 213, 0, 221, 221, 0, 85, 85, 0, 221, 221, 0, 5, 5, 0, 5, 5, 3, 27, 27 Z
Y  0, 162, 162, 0, 226, 226, 0, 226, 226, 0, 162, 162, 0, 174, 174, 0, 238, 238, 0, 170, 170, 0, 170, 170, 0, 170, 170, 0, 234, 234, 0, 238, 238, 0, 170, 170, 0, 238, 238, 0, 130, 130, 0, 130, 130, 0, 0, 0 Z
Y  0, 81, 81, 0, 113, 113, 0, 113, 113, 0, 81, 81, 0, 87, 87, 0, 119, 119, 0, 85, 85, 0, 85, 85, 0, 85, 85, 0, 117, 117, 0, 119, 119, 0, 85, 85, 0, 119, 119, 0, 65, 65, 0, 65, 65, 3, 27, 27 Z
Y  0, 168, 168, 0, 184, 184, 0, 184, 184, 0, 168, 168, 0, 171, 171, 0, 187, 187, 0, 170, 170, 0, 170, 170, 0, 170, 170, 0, 186, 186, 0, 187, 187, 0, 170, 170, 0, 187, 187, 0, 160, 160, 0, 160, 160, 0, 3, 3 Z
Y  0, 212, 212, 0, 92, 92, 0, 92, 92, 0, 84, 84, 0, 85, 85, 0, 221, 221, 0, 85, 85, 0, 213, 213, 0, 85, 85, 0, 93, 93, 0, 221, 221, 0, 85, 85, 0, 221, 221, 0, 80, 80, 0, 80, 80, 3, 24, 27 Z
Y  0, 234, 234, 0, 174, 174, 0, 174, 174, 0, 170, 170, 0, 170, 170, 0, 238, 238, 0, 170, 170, 0, 234, 234, 0, 42, 42, 0, 46, 46, 0, 238, 238, 0, 170, 170, 0, 110, 110, 0, 168, 168, 0, 168, 168, 0, 0, 0 Z
Y  0, 117, 117, 0, 87, 87, 0, 87, 87, 0, 85, 85, 0, 85, 85, 0, 119, 119, 0, 85, 85, 0, 117, 117, 0, 21, 21, 0, 23, 23, 0, 119, 119, 0, 85, 85, 0, 55, 55, 0, 84, 84, 0, 84, 84, 3, 3, 27 Z
Y  0, 186, 186, 0, 171, 171, 0, 171, 171, 0, 170, 170, 0, 170, 170, 0, 187, 187, 0, 170, 170, 0, 186, 186, 0, 10, 10, 0, 11, 11, 0, 187, 187, 0, 170, 170, 0, 155, 155, 0, 42, 42, 0, 170, 170, 3, 3, 3 Z
Y  0, 221, 221, 0, 85, 85, 0, 85, 85, 0, 85, 85, 0, 213, 213, 0, 221, 221, 0, 85, 85, 0, 221, 221, 0, 5, 5, 0, 5, 5, 0, 221, 221, 0, 85, 85, 0, 205, 205, 0, 21, 21, 0, 213, 213, 3, 27, 3 Z
Y  0, 238, 238, 0, 170, 170, 0, 170, 170, 0, 170, 170, 0, 234, 234, 0, 238, 238, 0, 170, 170, 0, 238, 238, 0, 130, 130, 0, 130, 130, 0, 238, 238, 0, 42, 42, 0, 230, 230, 0, 138, 138, 0, 234, 234, 0, 0, 0 Z
Y  0, 119, 119, 0, 85, 85, 0, 85, 85, 0, 85, 85, 0, 117, 117, 0, 119, 119, 0, 85, 85, 0, 119, 119, 0, 65, 65, 0, 65, 65, 0, 119, 119, 0, 21, 21, 0, 115, 115, 0, 69, 69, 0, 117, 117, 0, 0, 3 Z
Y  0, 187, 187, 0, 170, 170, 0, 170, 170, 0, 170, 170, 0, 186, 186, 0, 187, 187, 0, 170, 170, 0, 187, 187, 0, 160, 160, 0, 160, 160, 0, 187, 187, 0, 10, 10, 0, 57, 57, 0, 34, 34, 0, 58, 58, 3, 27, 27 Z
Y  0, 221, 221, 0, 85, 85, 0, 213, 213, 0, 85, 85, 0, 93, 93, 0, 221, 221, 0, 85, 85, 0, 221, 221, 0, 80, 80, 0, 80, 80, 0, 221, 221, 0, 133, 133, 0, 156, 156, 0, 145, 145, 0, 157, 157, 0, 0, 3 Z
Y  0, 238, 238, 0, 170, 170, 0, 234, 234, 0, 42, 42, 0, 46, 46, 0, 238, 238, 0, 170, 170, 0, 110, 110, 0, 168, 168, 0, 168, 168, 0, 238, 238, 0, 66, 66, 0, 78, 78, 0, 72, 72, 0, 78, 78, 0, 0, 0 Z
Y  0, 119, 119, 0, 85, 85, 0, 117, 117, 0, 21, 21, 0, 23, 23, 0, 119, 119, 0, 85, 85, 0, 55, 55, 0, 84, 84, 0, 84, 84, 0, 119, 119, 0, 33, 33, 0, 39, 39, 0, 36, 36, 0, 39, 39, 3, 27, 27 Z
Y  0, 187, 187, 0, 170, 170, 0, 186, 186, 0, 10, 10, 0, 11, 11, 0, 187, 187, 0, 170, 170, 0, 155, 155, 0, 42, 42, 0, 170, 170, 0, 187, 187, 0, 144, 144, 0, 147, 147, 0, 146, 146, 0, 147, 147, 3, 0, 0 Z
Y  0, 221, 221, 0, 85, 85, 0, 221, 221, 0, 5, 5, 0, 5, 5, 0, 221, 221, 0, 85, 85, 0, 205, 205, 0, 21, 21, 0, 213, 213, 0, 93, 93, 0, 72, 72, 0, 73, 73, 0, 73, 73, 0, 201, 201, 3, 27, 27 Z
Y  0, 238, 238, 0, 170, 170, 0, 238, 238, 0, 130, 130, 0, 130, 130, 0, 238, 238, 0, 42, 42, 0, 230, 230, 0, 138, 138, 0, 234, 234, 0, 174, 174, 0, 164, 164, 0, 164, 164, 0, 164, 164, 0, 228, 228, 0, 0, 0 Z
Y  0, 119, 119, 0, 85, 85, 0, 119, 119, 0, 65, 65, 0, 65, 65, 0, 119, 119, 0, 21, 21, 0, 115, 115, 0, 69, 69, 0, 117, 117, 0, 87, 87, 0, 82, 82, 0, 82, 82, 0, 82, 82, 0, 114, 114, 0, 27, 27 Z
Y  0, 187, 187, 0, 170, 170, 0, 187, 187, 0, 160, 160, 0, 160, 160, 0, 187, 187, 0, 10, 10, 0, 57, 57, 0, 34, 34, 0, 58, 58, 0, 171, 171, 0, 169, 169, 0, 169, 169, 0, 169, 169, 0, 57, 57, 3, 0, 0 Z
Y  0, 221, 221, 0, 85, 85, 0, 221, 221, 0, 80, 80, 0, 80, 80, 0, 221, 221, 0, 133, 133, 0, 156, 156, 0, 145, 145, 0, 157, 157, 0, 85, 85, 0, 84, 84, 0, 84, 84, 0, 84, 84, 0, 156, 156, 0, 27, 27 Z
Y  0, 238, 238, 0, 170, 170, 0, 110, 110, 0, 168, 168, 0, 168, 168, 0, 238, 238, 0, 66, 66, 0, 78, 78, 0, 72, 72, 0, 78, 78, 0, 170, 170, 0, 170, 170, 0, 170, 170, 0, 170, 170, 0, 78, 78, 0, 0, 0 Z
Y  0, 119, 119, 0, 85, 85, 0, 55, 55, 0, 84, 84, 0, 84, 84, 0, 119, 119, 0, 33, 33, 0, 39, 39, 0, 36, 36, 0, 39, 39, 0, 85, 85, 0, 85, 85, 0, 85, 85, 0, 85, 85, 0, 39, 39, 3, 27, 27 Z
Y  0, 187, 187, 0, 170, 170, 0, 155, 155, 0, 42, 42, 0, 170, 170, 0, 187, 187, 0, 144, 144, 0, 147, 147, 0, 146, 146, 0, 147, 147, 0, 170, 170, 0, 170, 170, 0, 170, 170, 0, 170, 170, 0, 147, 147, 0, 27, 0 Z
Y  0, 221, 221, 0, 85, 85, 0, 205, 205, 0, 21, 21, 0, 213, 213, 0, 93, 93, 0, 72, 72, 0, 73, 73, 0, 73, 73, 0, 201, 201, 0, 85, 85, 0, 85, 85, 0, 213, 213, 0, 213, 213, 0, 73, 73, 3, 27, 27 Z
Y  0, 238, 238, 0, 42, 42, 0, 230, 230, 0, 138, 138, 0, 234, 234, 0, 174, 174, 0, 164, 164, 0, 164, 164, 0, 164, 164, 0, 228, 228, 0, 170, 170, 0, 170, 170, 0, 234, 234, 0, 234, 234, 0, 164, 164, 0, 0, 0 Z
Y  0, 119, 119, 0, 21, 21, 0, 115, 115, 0, 69, 69, 0, 117, 117, 0, 87, 87, 0, 82, 82, 0, 82, 82, 0, 82, 82, 0, 114, 114, 0, 85, 85, 0, 85, 85, 0, 117, 117, 0, 117, 117, 0, 82, 82, 3, 24, 27 Z
Y  0, 187, 187, 0, 10, 10, 0, 57, 57, 0, 34, 34, 0, 58, 58, 0, 171, 171, 0, 169, 169, 0, 169, 169, 0, 169, 169, 0, 57, 57, 0, 170, 170, 0, 170, 170, 0, 58, 58, 0, 186, 186, 0, 169, 169, 0, 3, 0 Z
Y  0, 221, 221, 0, 133, 133, 0, 156, 156, 0, 145, 145, 0, 157, 157, 0, 85, 85, 0, 84, 84, 0, 84, 84, 0, 84, 84, 0, 156, 156, 0, 85, 85, 0, 85, 85, 0, 157, 157, 0, 93, 93, 0, 84, 84, 3, 24, 27 Z
Y  0, 238, 238, 0, 66, 66, 0, 78, 78, 0, 72, 72, 0, 78, 78, 0, 170, 170, 0, 170, 170, 0, 170, 170, 0, 170, 170, 0, 78, 78, 0, 170, 170, 0, 170, 170, 0, 78, 78, 0, 174, 174, 0, 170, 170, 0, 0, 0 Z
Y  0, 119, 119, 0, 33, 33, 0, 39, 39, 0, 36, 36, 0, 39, 39, 0, 85, 85, 0, 85, 85, 0, 85, 85, 0, 85, 85, 0, 39, 39, 0, 85, 85, 0, 85, 85, 0, 39, 39, 0, 87, 87, 0, 85, 85, 0, 3, 27 Z
Y  0, 187, 187, 0, 144, 144, 0, 147, 147, 0, 146, 146, 0, 147, 147, 0, 170, 170, 0, 170, 170, 0, 170, 170, 0, 170, 170, 0, 147, 147, 0, 170, 170, 0, 170, 170, 0, 147, 147, 0, 43, 43, 0, 42, 42, 3, 27, 0 Z
Y  0, 93, 93, 0, 72, 72, 0, 73, 73, 0, 73, 73, 0, 201, 201, 0, 85, 85, 0, 85, 85, 0, 213, 213, 0, 213, 213, 0, 73, 73, 0, 85, 85, 0, 85, 85, 0, 201, 201, 0, 149, 149, 0, 149, 149, 0, 3, 27 Z
Y  0, 174, 174, 0, 164, 164, 0, 164, 164, 0, 164, 164, 0, 228, 228, 0, 170, 170, 0, 170, 170, 0, 234, 234, 0, 234, 234, 0, 164, 164, 0, 170, 170, 0, 170, 170, 0, 228, 228, 0, 74, 74, 0, 74, 74, 0, 0, 0 Z
Y  0, 87, 87, 0, 82, 82, 0, 82, 82, 0, 82, 82, 0, 114, 114, 0, 85, 85, 0, 85, 85, 0, 117, 117, 0, 117, 117, 0, 82, 82, 0, 85, 85, 0, 85, 85, 0, 114, 114, 0, 37, 37, 0, 37, 37, 3, 24, 3 Z
Y  0, 171, 171, 0, 169, 169, 0, 169, 169, 0, 169, 169, 0, 57, 57, 0, 170, 170, 0, 170, 170, 0, 58, 58, 0, 186, 186, 0, 169, 169, 0, 170, 170, 0, 42, 42, 0, 57, 57, 0, 146, 146, 0, 146, 146, 3, 3, 3 Z
Y  0, 85, 85, 0, 84, 84, 0, 84, 84, 0, 84, 84, 0, 156, 156, 0, 85, 85, 0, 85, 85, 0, 157, 157, 0, 93, 93, 0, 84, 84, 0, 213, 213, 0, 21, 21, 0, 156, 156, 0, 73, 73, 0, 201, 201, 3, 0, 27 Z
