DDrWho
SDrWho
T150
//I1
Y  0, 96, 96, 0, 160, 160, 0, 160, 160, 0, 160, 160, 0, 96, 96, 0, 76, 76, 0, 66, 66, 0, 194, 194, 0, 194, 194, 0, 66, 66, 0, 133, 133, 0, 77, 77, 0, 85, 85, 0, 85, 85, 0, 149, 149, 0, 27, 24 Z

Y  0, 48, 48, 0, 80, 80, 0, 80, 80, 0, 80, 80, 0, 48, 48, 0, 166, 166, 0, 161, 161, 0, 225, 225, 0, 225, 225, 0, 161, 161, 0, 66, 66, 0, 166, 166, 0, 170, 170, 0, 170, 170, 0, 74, 74, 1, 9, 9 Z
Y  0, 24, 24, 0, 168, 168, 0, 168, 168, 0, 168, 168, 0, 152, 152, 0, 83, 83, 0, 80, 80, 0, 112, 112, 0, 112, 112, 0, 80, 80, 0, 33, 161, 0, 83, 211, 0, 85, 213, 0, 85, 213, 0, 37, 165, 0, 1, 0 Z
Y  0, 140, 140, 0, 84, 84, 0, 84, 84, 0, 84, 84, 0, 76, 76, 0, 169, 169, 0, 168, 168, 0, 184, 184, 0, 184, 184, 0, 168, 168, 0, 16, 80, 0, 41, 105, 0, 42, 234, 0, 42, 106, 0, 18, 82, 0, 9, 8 Z
Y  0, 198, 198, 0, 42, 42, 0, 42, 42, 0, 42, 42, 0, 38, 38, 0, 84, 84, 0, 212, 212, 0, 92, 92, 0, 92, 92, 0, 84, 84, 0, 8, 40, 0, 20, 180, 0, 21, 245, 0, 21, 181, 0, 9, 41, 1, 9, 9 Z
Y  0, 99, 99, 0, 21, 21, 0, 21, 21, 0, 21, 21, 0, 19, 19, 0, 42, 42, 0, 106, 106, 0, 174, 174, 0, 174, 174, 0, 170, 170, 0, 4, 148, 0, 10, 218, 0, 10, 250, 0, 10, 218, 0, 4, 148, 0, 9, 8 Z
Y  0, 49, 49, 0, 10, 10, 0, 10, 10, 0, 10, 10, 0, 9, 9, 0, 21, 21, 0, 53, 53, 0, 87, 87, 0, 87, 87, 0, 85, 85, 0, 2, 74, 0, 5, 237, 0, 5, 253, 0, 5, 237, 0, 2, 74, 0, 1, 0 Z
Y  0, 152, 152, 0, 133, 133, 0, 133, 133, 0, 133, 133, 0, 132, 132, 0, 10, 10, 0, 154, 154, 0, 171, 171, 0, 171, 171, 0, 42, 42, 0, 1, 37, 0, 2, 118, 0, 2, 254, 0, 2, 118, 0, 1, 37, 2, 18, 18 Z
Y  0, 76, 76, 0, 66, 66, 0, 194, 194, 0, 194, 194, 0, 66, 66, 0, 133, 133, 0, 77, 77, 0, 85, 85, 0, 85, 85, 0, 149, 149, 0, 128, 18, 0, 129, 59, 0, 129, 127, 0, 129, 59, 0, 128, 18, 0, 0, 0 Z
Y  0, 166, 166, 0, 161, 161, 0, 225, 225, 0, 225, 225, 0, 161, 161, 0, 66, 66, 0, 166, 166, 0, 170, 170, 0, 170, 170, 0, 74, 74, 0, 64, 9, 0, 64, 29, 0, 64, 63, 0, 64, 29, 0, 64, 9, 2, 18, 18 Z
Y  0, 83, 83, 0, 80, 80, 0, 112, 112, 0, 112, 112, 0, 80, 80, 0, 33, 161, 0, 83, 211, 0, 85, 213, 0, 85, 213, 0, 37, 165, 0, 160, 4, 0, 160, 14, 0, 160, 31, 0, 160, 14, 0, 160, 4, 2, 0, 2 Z
Y  0, 169, 169, 0, 168, 168, 0, 184, 184, 0, 184, 184, 0, 168, 168, 0, 16, 80, 0, 41, 105, 0, 42, 234, 0, 42, 106, 0, 18, 82, 0, 208, 2, 0, 80, 7, 0, 80, 15, 0, 80, 7, 0, 208, 2, 0, 18, 16 Z
Y  0, 84, 84, 0, 212, 212, 0, 92, 92, 0, 92, 92, 0, 84, 84, 0, 8, 40, 0, 20, 180, 0, 21, 245, 0, 21, 181, 0, 9, 41, 0, 104, 1, 0, 168, 3, 0, 168, 7, 0, 168, 3, 0, 104, 1, 0, 0, 0 Z
Y  0, 42, 42, 0, 106, 106, 0, 174, 174, 0, 174, 174, 0, 170, 170, 0, 4, 148, 0, 10, 218, 0, 10, 250, 0, 10, 218, 0, 4, 148, 0, 52, 0, 0, 84, 1, 0, 84, 3, 0, 84, 1, 0, 52, 0, 2, 18, 18 Z
Y  0, 21, 21, 0, 53, 53, 0, 87, 87, 0, 87, 87, 0, 85, 85, 0, 2, 74, 0, 5, 237, 0, 5, 253, 0, 5, 237, 0, 2, 74, 0, 154, 0, 0, 170, 0, 0, 170, 1, 0, 170, 0, 0, 154, 0, 0, 0, 16 Z
Y  0, 10, 10, 0, 154, 154, 0, 171, 171, 0, 171, 171, 0, 42, 42, 0, 1, 37, 0, 2, 118, 0, 2, 254, 0, 2, 118, 0, 1, 37, 0, 77, 0, 0, 213, 0, 0, 85, 0, 0, 85, 0, 0, 77, 0, 0, 0, 2 Z
Y  0, 133, 133, 0, 77, 77, 0, 85, 85, 0, 85, 85, 0, 149, 149, 0, 128, 18, 0, 129, 59, 0, 129, 127, 0, 129, 59, 0, 128, 18, 0, 166, 0, 0, 106, 0, 0, 42, 0, 0, 42, 0, 0, 38, 0, 0, 0, 0 Z
Y  0, 66, 66, 0, 166, 166, 0, 170, 170, 0, 170, 170, 0, 74, 74, 0, 64, 9, 0, 64, 29, 0, 64, 63, 0, 64, 29, 0, 64, 9, 0, 83, 0, 0, 53, 0, 0, 21, 0, 0, 21, 0, 0, 19, 0, 0, 0, 0 Z
Y  0, 33, 161, 0, 83, 211, 0, 85, 213, 0, 85, 213, 0, 37, 165, 0, 160, 4, 0, 160, 14, 0, 160, 31, 0, 160, 14, 0, 160, 4, 0, 41, 0, 0, 26, 0, 0, 10, 0, 0, 10, 0, 0, 9, 0, 2, 18, 18 Z
Y  0, 16, 80, 0, 41, 105, 0, 42, 234, 0, 42, 106, 0, 18, 82, 0, 208, 2, 0, 80, 7, 0, 80, 15, 0, 80, 7, 0, 208, 2, 0, 148, 0, 0, 141, 0, 0, 133, 0, 0, 133, 0, 0, 132, 0, 0, 16, 0 Z
Y  0, 8, 40, 0, 20, 180, 0, 21, 245, 0, 21, 181, 0, 9, 41, 0, 104, 1, 0, 168, 3, 0, 168, 7, 0, 168, 3, 0, 104, 1, 0, 74, 0, 0, 70, 0, 0, 66, 0, 0, 194, 0, 0, 66, 0, 0, 2, 0 Z
Y  0, 4, 148, 0, 10, 218, 0, 10, 250, 0, 10, 218, 0, 4, 148, 0, 52, 0, 0, 84, 1, 0, 84, 3, 0, 84, 1, 0, 52, 0, 0, 37, 0, 0, 35, 0, 0, 161, 0, 0, 97, 0, 0, 33, 0, 0, 16, 0 Z
Y  0, 2, 74, 0, 5, 237, 0, 5, 253, 0, 5, 237, 0, 2, 74, 0, 154, 0, 0, 170, 0, 0, 170, 1, 0, 170, 0, 0, 154, 0, 0, 18, 0, 0, 17, 0, 0, 80, 0, 0, 176, 0, 0, 16, 0, 2, 18, 18 Z
Y  0, 1, 37, 0, 2, 118, 0, 2, 254, 0, 2, 118, 0, 1, 37, 0, 77, 0, 0, 213, 0, 0, 85, 0, 0, 85, 0, 0, 77, 0, 0, 137, 0, 0, 136, 0, 0, 168, 0, 0, 216, 0, 0, 136, 0, 0, 0, 0 Z
Y  0, 128, 18, 0, 129, 59, 0, 129, 127, 0, 129, 59, 0, 128, 18, 0, 166, 0, 0, 106, 0, 0, 42, 0, 0, 42, 0, 0, 38, 0, 0, 68, 0, 0, 68, 0, 0, 84, 0, 0, 108, 0, 0, 68, 0, 2, 18, 18 Z
Y  0, 64, 9, 0, 64, 29, 0, 64, 63, 0, 64, 29, 0, 64, 9, 0, 83, 0, 0, 53, 0, 0, 21, 0, 0, 21, 0, 0, 19, 0, 0, 162, 0, 0, 162, 0, 0, 170, 0, 0, 182, 0, 0, 162, 0, 0, 0, 16 Z
Y  0, 160, 4, 0, 160, 14, 0, 160, 31, 0, 160, 14, 0, 160, 4, 0, 41, 0, 0, 26, 0, 0, 10, 0, 0, 10, 0, 0, 9, 0, 0, 81, 0, 0, 209, 0, 0, 85, 0, 0, 91, 0, 0, 81, 0, 2, 18, 0 Z
Y  0, 208, 2, 0, 80, 7, 0, 80, 15, 0, 80, 7, 0, 208, 2, 0, 148, 0, 0, 141, 0, 0, 133, 0, 0, 133, 0, 0, 132, 0, 0, 40, 0, 0, 104, 0, 0, 170, 0, 0, 173, 0, 0, 168, 0, 0, 0, 0 Z
Y  0, 104, 1, 0, 168, 3, 0, 168, 7, 0, 168, 3, 0, 104, 1, 0, 74, 0, 0, 70, 0, 0, 66, 0, 0, 194, 0, 0, 66, 0, 0, 20, 0, 0, 52, 0, 0, 85, 0, 0, 86, 0, 0, 84, 0, 0, 18, 0 Z
Y  0, 52, 0, 0, 84, 1, 0, 84, 3, 0, 84, 1, 0, 52, 0, 0, 37, 0, 0, 35, 0, 0, 161, 0, 0, 97, 0, 0, 33, 0, 0, 10, 0, 0, 26, 0, 0, 170, 0, 0, 171, 0, 0, 42, 0, 2, 0, 16 Z
Y  0, 154, 0, 0, 170, 0, 0, 170, 1, 0, 170, 0, 0, 154, 0, 0, 18, 0, 0, 17, 0, 0, 80, 0, 0, 176, 0, 0, 16, 0, 0, 5, 0, 0, 141, 0, 0, 85, 0, 0, 85, 0, 0, 149, 0, 0, 18, 0 Z
Y  0, 77, 0, 0, 213, 0, 0, 85, 0, 0, 85, 0, 0, 77, 0, 0, 137, 0, 0, 136, 0, 0, 168, 0, 0, 216, 0, 0, 136, 0, 0, 2, 0, 0, 70, 0, 0, 170, 0, 0, 170, 0, 0, 74, 0, 0, 0, 0 Z
Y  0, 166, 0, 0, 106, 0, 0, 42, 0, 0, 42, 0, 0, 38, 0, 0, 68, 0, 0, 68, 0, 0, 84, 0, 0, 108, 0, 0, 68, 0, 0, 1, 0, 0, 35, 0, 0, 85, 0, 0, 85, 0, 0, 37, 0, 0, 0, 0 Z
Y  0, 83, 0, 0, 53, 0, 0, 21, 0, 0, 21, 0, 0, 19, 0, 0, 162, 0, 0, 162, 0, 0, 170, 0, 0, 182, 0, 0, 162, 0, 0, 0, 0, 0, 17, 0, 0, 42, 0, 0, 42, 0, 0, 18, 0, 0, 4, 0 Z
Y  0, 41, 0, 0, 26, 0, 0, 10, 0, 0, 10, 0, 0, 9, 0, 0, 81, 0, 0, 209, 0, 0, 85, 0, 0, 91, 0, 0, 81, 0, 0, 0, 0, 0, 8, 0, 128, 21, 0, 0, 21, 0, 0, 9, 0, 0, 36, 32 Z
Y  0, 148, 0, 0, 141, 0, 0, 133, 0, 0, 133, 0, 0, 132, 0, 0, 40, 0, 0, 104, 0, 0, 170, 0, 0, 173, 0, 0, 168, 0, 0, 0, 0, 128, 4, 0, 192, 10, 0, 128, 10, 0, 0, 4, 0, 4, 36, 36 Z
Y  0, 74, 0, 0, 70, 0, 0, 66, 0, 0, 194, 0, 0, 66, 0, 0, 20, 0, 0, 52, 0, 0, 85, 0, 0, 86, 0, 0, 84, 0, 128, 0, 0, 192, 2, 0, 224, 5, 0, 192, 5, 0, 128, 2, 0, 0, 36, 32 Z
Y  0, 37, 0, 0, 35, 0, 0, 161, 0, 0, 97, 0, 0, 33, 0, 0, 10, 0, 0, 26, 0, 0, 170, 0, 0, 171, 0, 0, 42, 0, 64, 0, 0, 224, 1, 0, 240, 2, 0, 224, 2, 0, 64, 1, 0, 0, 4, 0 Z
Y  0, 18, 0, 0, 17, 0, 0, 80, 0, 0, 176, 0, 0, 16, 0, 0, 5, 0, 0, 141, 0, 0, 85, 0, 0, 85, 0, 0, 149, 0, 32, 0, 0, 112, 0, 0, 248, 1, 0, 112, 1, 0, 32, 0, 0, 0, 0, 0 Z
Y  0, 137, 0, 0, 136, 0, 0, 168, 0, 0, 216, 0, 0, 136, 0, 0, 2, 0, 0, 70, 0, 0, 170, 0, 0, 170, 0, 0, 74, 0, 16, 0, 0, 56, 0, 0, 124, 0, 0, 56, 0, 0, 16, 0, 0, 0, 0, 0 Z
Y  0, 68, 0, 0, 68, 0, 0, 84, 0, 0, 108, 0, 0, 68, 0, 0, 1, 0, 0, 35, 0, 0, 85, 0, 0, 85, 0, 0, 37, 0, 8, 0, 0, 28, 0, 0, 62, 0, 0, 28, 0, 0, 8, 0, 0, 3, 27, 27 Z
Y  0, 162, 0, 0, 162, 0, 0, 170, 0, 0, 182, 0, 0, 162, 0, 0, 0, 0, 0, 17, 0, 0, 42, 0, 0, 42, 0, 0, 18, 0, 4, 128, 128, 14, 128, 128, 31, 128, 128, 14, 128, 128, 4, 128, 128, 3, 0, 3 Z
Y  0, 81, 0, 0, 209, 0, 0, 85, 0, 0, 91, 0, 0, 81, 0, 0, 0, 0, 0, 8, 0, 128, 21, 0, 0, 21, 0, 0, 9, 0, 2, 192, 192, 7, 64, 64, 15, 64, 64, 7, 64, 64, 2, 192, 192, 0, 27, 24 Z
Y  0, 40, 0, 0, 104, 0, 0, 170, 0, 0, 173, 0, 0, 168, 0, 0, 0, 0, 128, 4, 0, 192, 10, 0, 128, 10, 0, 0, 4, 0, 1, 96, 96, 3, 160, 160, 7, 160, 160, 3, 160, 160, 1, 96, 96, 0, 0, 0 Z
Y  0, 20, 0, 0, 52, 0, 0, 85, 0, 0, 86, 0, 0, 84, 0, 128, 0, 0, 192, 2, 0, 224, 5, 0, 192, 5, 0, 128, 2, 0, 0, 48, 48, 1, 80, 80, 3, 80, 80, 1, 80, 80, 0, 48, 48, 3, 27, 24 Z
Y  0, 10, 0, 0, 26, 0, 0, 170, 0, 0, 171, 0, 0, 42, 0, 64, 0, 0, 224, 1, 0, 240, 2, 0, 224, 2, 0, 64, 1, 0, 0, 24, 24, 0, 168, 168, 1, 168, 168, 0, 168, 168, 0, 152, 152, 0, 0, 3 Z
Y  0, 5, 0, 0, 141, 0, 0, 85, 0, 0, 85, 0, 0, 149, 0, 32, 0, 0, 112, 0, 0, 248, 1, 0, 112, 1, 0, 32, 0, 0, 0, 140, 140, 0, 84, 84, 0, 84, 84, 0, 84, 84, 0, 76, 76, 0, 0, 3 Z
Y  0, 2, 0, 0, 70, 0, 0, 170, 0, 0, 170, 0, 0, 74, 0, 16, 0, 0, 56, 0, 0, 124, 0, 0, 56, 0, 0, 16, 0, 0, 0, 198, 198, 0, 42, 42, 0, 42, 42, 0, 42, 42, 0, 38, 38, 0, 0, 0 Z
Y  0, 1, 0, 0, 35, 0, 0, 85, 0, 0, 85, 0, 0, 37, 0, 8, 0, 0, 28, 0, 0, 62, 0, 0, 28, 0, 0, 8, 0, 0, 0, 99, 99, 0, 21, 21, 0, 21, 21, 0, 21, 21, 0, 19, 19, 0, 0, 0 Z
Y  0, 0, 0, 0, 17, 0, 0, 42, 0, 0, 42, 0, 0, 18, 0, 4, 128, 128, 14, 128, 128, 31, 128, 128, 14, 128, 128, 4, 128, 128, 0, 49, 49, 0, 10, 10, 0, 10, 10, 0, 10, 10, 0, 9, 9, 3, 27, 27 Z
Y  0, 0, 0, 0, 8, 0, 128, 21, 0, 0, 21, 0, 0, 9, 0, 2, 192, 192, 7, 64, 64, 15, 64, 64, 7, 64, 64, 2, 192, 192, 0, 152, 152, 0, 133, 133, 0, 133, 133, 0, 133, 133, 0, 132, 132, 0, 27, 0 Z
Y  0, 0, 0, 128, 4, 0, 192, 10, 0, 128, 10, 0, 0, 4, 0, 1, 96, 96, 3, 160, 160, 7, 160, 160, 3, 160, 160, 1, 96, 96, 0, 76, 76, 0, 66, 66, 0, 194, 194, 0, 194, 194, 0, 66, 66, 3, 27, 27 Z
Y  128, 0, 0, 192, 2, 0, 224, 5, 0, 192, 5, 0, 128, 2, 0, 0, 48, 48, 1, 80, 80, 3, 80, 80, 1, 80, 80, 0, 48, 48, 0, 166, 166, 0, 161, 161, 0, 225, 225, 0, 225, 225, 0, 161, 161, 0, 0, 0 Z
Y  64, 0, 0, 224, 1, 0, 240, 2, 0, 224, 2, 0, 64, 1, 0, 0, 24, 24, 0, 168, 168, 1, 168, 168, 0, 168, 168, 0, 152, 152, 0, 83, 83, 0, 80, 80, 0, 112, 112, 0, 112, 112, 0, 80, 80, 3, 27, 27 Z
Y  32, 0, 0, 112, 0, 0, 248, 1, 0, 112, 1, 0, 32, 0, 0, 0, 140, 140, 0, 84, 84, 0, 84, 84, 0, 84, 84, 0, 76, 76, 0, 169, 169, 0, 168, 168, 0, 184, 184, 0, 184, 184, 0, 168, 168, 0, 0, 24 Z
Y  16, 0, 0, 56, 0, 0, 124, 0, 0, 56, 0, 0, 16, 0, 0, 0, 198, 198, 0, 42, 42, 0, 42, 42, 0, 42, 42, 0, 38, 38, 0, 84, 84, 0, 212, 212, 0, 92, 92, 0, 92, 92, 0, 84, 84, 3, 27, 0 Z
Y  8, 0, 0, 28, 0, 0, 62, 0, 0, 28, 0, 0, 8, 0, 0, 0, 99, 99, 0, 21, 21, 0, 21, 21, 0, 21, 21, 0, 19, 19, 0, 42, 42, 0, 106, 106, 0, 174, 174, 0, 174, 174, 0, 170, 170, 0, 0, 0 Z
Y  4, 128, 128, 14, 128, 128, 31, 128, 128, 14, 128, 128, 4, 128, 128, 0, 49, 49, 0, 10, 10, 0, 10, 10, 0, 10, 10, 0, 9, 9, 0, 21, 21, 0, 53, 53, 0, 87, 87, 0, 87, 87, 0, 85, 85, 0, 27, 24 Z
Y  2, 192, 192, 7, 64, 64, 15, 64, 64, 7, 64, 64, 2, 192, 192, 0, 152, 152, 0, 133, 133, 0, 133, 133, 0, 133, 133, 0, 132, 132, 0, 10, 10, 0, 154, 154, 0, 171, 171, 0, 171, 171, 0, 42, 42, 3, 0, 3 Z
Y  1, 96, 96, 3, 160, 160, 7, 160, 160, 3, 160, 160, 1, 96, 96, 0, 76, 76, 0, 66, 66, 0, 194, 194, 0, 194, 194, 0, 66, 66, 0, 133, 133, 0, 77, 77, 0, 85, 85, 0, 85, 85, 0, 149, 149, 0, 27, 24 Z
Y  0, 192, 192, 0, 64, 64, 0, 64, 64, 0, 64, 64, 0, 192, 192, 0, 152, 152, 0, 133, 133, 0, 133, 133, 0, 133, 133, 0, 132, 132, 0, 10, 10, 0, 154, 154, 0, 171, 171, 0, 171, 171, 0, 42, 42, 3, 0, 3 Z
Y  0, 192, 192, 0, 64, 64, 0, 64, 64, 0, 64, 64, 0, 192, 192, 0, 152, 152, 0, 133, 133, 0, 133, 133, 0, 133, 133, 0, 132, 132, 0, 10, 10, 0, 154, 154, 0, 171, 171, 0, 171, 171, 0, 42, 42, 3, 0, 3 Z